        1   0.14709100E-03   0.10026200E-03   0.27666100E-03   0.97798300       0.25487700E-01   0.19744600       0.62562900E-01        1       1
        2   0.20527100E-03   0.10774900E-03   0.72493900E-04   0.97763800       0.23770900E-01   0.19988400       0.60869200E-01        1       1
        3   0.84465700E-04   0.27004400E-03   0.74168300E-04   0.97763800       0.23769900E-01   0.19988300       0.60868900E-01        1       1
        4   0.27757600E-03   0.25957800E-03   0.25336500E-03   0.97775100       0.24450000E-01   0.19947100       0.60133700E-01        1       1
        5   0.29497700E-03   0.20508000E-03   0.55165300E-03   0.97687900       0.20297700E-01   0.20303700       0.63800100E-01        1       1
        6   0.11479000E-03   0.16559800E-03   0.67985400E-03   0.97764300       0.23774900E-01   0.19985000       0.60894800E-01        1       1
        7   0.89939100E-04   0.69439500E-04   0.49560500E-03   0.97741500       0.23495700E-01   0.20063600       0.62075000E-01        1       1
        8   0.14770800E-03   0.24727500E-03   0.41690500E-03   0.97834400       0.26142400E-01   0.19571000       0.62102700E-01        1       1
        9   0.30052200E-03   0.26780100E-03   0.76433600E-03   0.97669100       0.21684300E-01   0.20320800       0.65654100E-01        1       1
       10   0.26002600E-04   0.49364700E-03   0.61671100E-04   0.97847000       0.23975200E-01   0.19719100       0.56018800E-01        1       1
       11   0.23434100E-03   0.60726200E-03   0.18075400E-03   0.97808500       0.23621000E-01   0.19758900       0.61245300E-01        1       1
       12   0.22470000E-04   0.50870500E-03   0.26191200E-03   0.98128900       0.41426200E-01   0.17211400       0.75708500E-01        1       1
       13   0.22553700E-03   0.40666100E-03   0.12163300E-03   0.97772800       0.26118500E-01   0.20032800       0.56881100E-01        1       1
       14   0.19905000E-03   0.43635800E-03   0.34592400E-03   0.97763000       0.23770300E-01   0.19993200       0.60837800E-01        1       1
       15   0.44558200E-04   0.69291500E-03   0.15203700E-03   0.97813900       0.21152400E-01   0.19861400       0.57864200E-01        1       1
       16   0.32943300E-03   0.59450400E-03   0.37836900E-03   0.97711100       0.25137200E-01   0.20175300       0.62591900E-01        1       1
       17   0.13068900E-03   0.43549100E-03   0.62236200E-03   0.97766400       0.23852100E-01   0.19967500       0.61110800E-01        1       1
       18   0.24699400E-03   0.61764100E-03   0.56935300E-03   0.97837700       0.27842100E-01   0.19306300       0.68776500E-01        1       1
       19   0.76344100E-04   0.63931800E-03   0.67882100E-03   0.97764000       0.23748000E-01   0.19988200       0.60850900E-01        1       1
       20   0.98822400E-04   0.60217200E-03   0.43097400E-03   0.97763800       0.23750300E-01   0.19989100       0.60847200E-01        1       1
       21   0.24867000E-03   0.72327500E-03   0.74365000E-03   0.97740700       0.28259800E-01   0.20018800       0.61659400E-01        1       1
       22   0.32334800E-03   0.40565300E-03   0.51449000E-03   0.97794500       0.27265000E-01   0.19832900       0.59549600E-01        1       1
       23   0.32144800E-03   0.48074500E-03   0.70363000E-03   0.97798400       0.18106300E-01   0.19789500       0.63691100E-01        1       1
       24   0.20666900E-03   0.10604100E-02   0.10609000E-03   0.97763500       0.23825400E-01   0.19986600       0.60958400E-01        1       1
       25   0.24895600E-03   0.98821700E-03   0.29230100E-03   0.97874800       0.26258700E-01   0.19128100       0.69092100E-01        1       1
       26   0.86367700E-04   0.85707800E-03   0.28375600E-03   0.97624200       0.24184100E-01   0.20814300       0.55161200E-01        1       1
       27   0.62058100E-04   0.88692200E-03   0.85439300E-04   0.97740300       0.23740600E-01   0.20086600       0.61424700E-01        1       1
       28   0.29682400E-03   0.79523800E-03   0.23505000E-03   0.97757700       0.24285400E-01   0.20030400       0.60264900E-01        1       1
       29   0.11061600E-04   0.10648700E-02   0.16628000E-03   0.97823500       0.26049400E-01   0.19889800       0.53077300E-01        1       1
       30   0.14890100E-03   0.99360500E-03   0.50412500E-03   0.97816300       0.22211300E-01   0.19751100       0.60777700E-01        1       1
       31   0.36350200E-04   0.82752000E-03   0.61928300E-03   0.97779800       0.24278200E-01   0.19929400       0.60024500E-01        1       1
       32   0.57020000E-04   0.10894400E-02   0.68172100E-03   0.97763300       0.23813900E-01   0.19989700       0.60896400E-01        1       1
       33   0.29225800E-03   0.11322500E-02   0.69986400E-03   0.97802000       0.21313400E-01   0.19978900       0.55737100E-01        1       1
       34   0.25202900E-03   0.81464900E-03   0.51542800E-03   0.97736400       0.25285500E-01   0.20267600       0.55159300E-01        1       1
       35   0.22412000E-03   0.94413800E-03   0.69666600E-03   0.97858700       0.21229900E-01   0.19449300       0.63945500E-01        1       1
       36   0.34570500E-03   0.10259100E-02   0.52814300E-03   0.97892100      -0.12473600E-02   0.19688600       0.54301200E-01        1       1
       37   0.28578200E-03   0.12499700E-02   0.17771000E-03   0.97763700       0.23792000E-01   0.19987900       0.60889800E-01        1       1
       38   0.11997100E-03   0.14299600E-02   0.16994600E-03   0.97764700       0.23769400E-01   0.19982900       0.60903300E-01        1       1
       39   0.28483300E-03   0.14542500E-02   0.28108300E-03   0.97761400       0.23916400E-01   0.19988200       0.61207800E-01        1       1
       40   0.10276100E-03   0.12208500E-02   0.26111000E-03   0.97765100       0.23355400E-01   0.19982000       0.61040000E-01        1       1
       41   0.34730300E-03   0.11582600E-02   0.34853600E-03   0.97980300       0.12705600E-01   0.18990500       0.61319800E-01        1       1
       42   0.11327500E-03   0.13829200E-02   0.65127900E-03   0.97763800       0.23790200E-01   0.19987600       0.60890200E-01        1       1
       43   0.19775800E-03   0.12628100E-02   0.51473600E-03   0.97835800       0.25199500E-01   0.19695800       0.58213900E-01        1       1
       44   0.30685800E-03   0.13493200E-02   0.70319500E-03   0.97760700       0.21302300E-01   0.19995300       0.62051200E-01        1       1
       45   0.10726200E-03   0.14052000E-02   0.38551800E-03   0.97791200       0.22638100E-01   0.19859300       0.61119600E-01        1       1
       46   0.75575300E-03   0.24851800E-03   0.12710300E-03   0.97509700       0.23780700E-01   0.21305200       0.56826300E-01        1       1
       47   0.53160700E-03   0.25391500E-03   0.30751600E-03   0.97765300       0.23697700E-01   0.19983000       0.60842600E-01        1       1
       48   0.55533900E-03   0.22023800E-03   0.11133400E-03   0.97631200       0.14060700E-01   0.20402300       0.70657300E-01        1       1
       49   0.64159300E-03   0.87307400E-04   0.24521500E-03   0.97559900       0.13749400E-01   0.21203100       0.55314200E-01        1       1
       50   0.39439800E-03   0.10397800E-03   0.17078800E-03   0.98132800       0.27625200E-01   0.18009000       0.61644000E-01        1       1
       51   0.69752400E-03   0.31060200E-03   0.61608000E-03   0.97728200       0.25732100E-01   0.20147000       0.60560900E-01        1       1
       52   0.47215700E-03   0.18726000E-03   0.69533400E-03   0.97763600       0.23733900E-01   0.19991300       0.60819500E-01        1       1
       53   0.47949800E-03   0.27119600E-03   0.50832300E-03   0.97767000       0.23986500E-01   0.19955900       0.61329800E-01        1       1
       54   0.60761800E-03   0.43229600E-04   0.44796300E-03   0.97723000       0.24023900E-01   0.20175700       0.61140300E-01        1       1
       55   0.68936900E-03   0.14223500E-03   0.72757500E-03   0.97765200       0.23801500E-01   0.19978300       0.60960100E-01        1       1
       56   0.73070100E-03   0.22237300E-03   0.43753600E-03   0.97775800       0.27858800E-01   0.19827100       0.62465400E-01        1       1
       57   0.41615300E-03   0.10396200E-03   0.40495300E-03   0.98050500       0.72861700E-02   0.18580600       0.63502500E-01        1       1
       58   0.69162900E-03   0.39352000E-03   0.25881700E-03   0.98194500       0.13803200E-01   0.17544200       0.69373600E-01        1       1
       59   0.68159600E-03   0.63622800E-03   0.12738400E-03   0.97799600       0.20139700E-01   0.19941500       0.57901100E-01        1       1
       60   0.43385000E-03   0.40493800E-03   0.91489500E-04   0.97748500       0.20554600E-01   0.20234500       0.56178800E-01        1       1
       61   0.44554100E-03   0.60957900E-03   0.17779500E-03   0.97710500       0.23988500E-01   0.20380800       0.56145000E-01        1       1
       62   0.63413000E-03   0.43479100E-03   0.60498000E-04   0.97998200       0.27699000E-01   0.18604300       0.65235000E-01        1       1
       63   0.60588000E-03   0.57445800E-03   0.30973200E-03   0.97698100       0.34557600E-01   0.19849600       0.70099300E-01        1       1
       64   0.42192100E-03   0.42976000E-03   0.29818500E-03   0.97706000       0.30074000E-01   0.20293200       0.57157000E-01        1       1
       65   0.46643800E-03   0.73845300E-03   0.33241600E-03   0.97705200       0.18671600E-01   0.20355000       0.59905000E-01        1       1
       66   0.42786300E-03   0.76955700E-03   0.51068800E-04   0.97736600       0.25379600E-01   0.20177100       0.58308400E-01        1       1
       67   0.51728200E-03   0.40038200E-03   0.67111700E-03   0.97398600       0.19708800E-01   0.21680900       0.62905700E-01        1       1
       68   0.53301500E-03   0.60407400E-03   0.76469500E-03   0.97845400       0.27600200E-01   0.19405600       0.64865600E-01        1       1
       69   0.63643100E-03   0.66935800E-03   0.50597600E-03   0.97721200       0.34772400E-01   0.20094600       0.58894500E-01        1       1
       70   0.53870900E-03   0.46935500E-03   0.47829700E-03   0.97365600       0.89528600E-02   0.22093000       0.55702600E-01        1       1
       71   0.44262100E-03   0.66735900E-03   0.56773400E-03   0.97955700       0.21722900E-01   0.19300400       0.52404400E-01        1       1
       72   0.74146200E-03   0.48123500E-03   0.50018700E-03   0.97487900       0.18658000E-01   0.21400700       0.58854300E-01        1       1
       73   0.47824100E-03   0.94787300E-03   0.33207800E-03   0.97755400       0.27976400E-01   0.19838400       0.65182500E-01        1       1
       74   0.60288300E-03   0.98271200E-03   0.64216400E-04   0.97894500       0.16019200E-01   0.19372200       0.62310200E-01        1       1
       75   0.70501100E-03   0.10364900E-02   0.29557200E-03   0.97693400       0.21105500E-01   0.20254900       0.64261200E-01        1       1
       76   0.53954400E-03   0.11151600E-02   0.20696200E-03   0.97744600       0.24997800E-01   0.19992900       0.63271600E-01        1       1
       77   0.40129200E-03   0.98797800E-03   0.13301700E-03   0.97817600       0.30988300E-01   0.19867800       0.52332300E-01        1       1
       78   0.58236000E-03   0.81380000E-03   0.17425600E-03   0.97743700       0.33798900E-01   0.20078200       0.56233200E-01        1       1
       79   0.74978100E-03   0.83091500E-03   0.42601300E-04   0.97838800       0.19324300E-01   0.19739600       0.58469800E-01        1       1
       80   0.54960300E-03   0.10754100E-02   0.48030900E-03   0.97614100       0.16732200E-01   0.20457800       0.70831200E-01        1       1
       81   0.62623300E-03   0.98140300E-03   0.63943600E-03   0.97855600       0.22779800E-01   0.19492600       0.62555900E-01        1       1
       82   0.50186700E-03   0.11192100E-02   0.72357500E-03   0.97760400       0.24622400E-01   0.20056900       0.58792900E-01        1       1
       83   0.42572500E-03   0.93192200E-03   0.70652700E-03   0.97783100       0.26261700E-01   0.19525100       0.70953300E-01        1       1
       84   0.75910600E-03   0.11481900E-02   0.51780700E-03   0.97972000       0.22509500E-01   0.19309100       0.48560300E-01        1       1
       85   0.63916800E-03   0.83529100E-03   0.38637700E-03   0.97531100       0.28969700E-01   0.20924700       0.64383900E-01        1       1
       86   0.48446700E-03   0.85976000E-03   0.51679200E-03   0.97736300       0.22812600E-01   0.19891300       0.68370500E-01        1       1
       87   0.57763500E-03   0.79072100E-03   0.68139300E-03   0.97572800       0.30414500E-01   0.20435600       0.72588400E-01        1       1
       88   0.49254200E-03   0.14962700E-02   0.27060300E-03   0.97584200       0.21158800E-01   0.20984100       0.57024400E-01        1       1
       89   0.57442100E-03   0.12805700E-02   0.75344400E-04   0.97765400       0.25682200E-01   0.19945300       0.61256200E-01        1       1
       90   0.46540600E-03   0.12975900E-02   0.25805100E-03   0.97798400       0.25658000E-01   0.19876400       0.58148900E-01        1       1
       91   0.75784300E-03   0.15015300E-02   0.28369400E-04   0.97614100       0.25324000E-01   0.20467400       0.67945600E-01        1       1
       92   0.66906700E-03   0.14198600E-02   0.19312400E-03   0.97274200       0.27506200E-01   0.22210000       0.60721000E-01        1       1
       93   0.62262400E-03   0.12227600E-02   0.35793200E-03   0.97845100       0.22423000E-01   0.19603900       0.60818300E-01        1       1
       94   0.53318500E-03   0.13200600E-02   0.65971600E-03   0.97764900       0.23761200E-01   0.19982500       0.60899400E-01        1       1
       95   0.68263400E-03   0.15030100E-02   0.61951500E-03   0.97816300       0.26381700E-01   0.19790100       0.57757700E-01        1       1
       96   0.71848500E-03   0.13440800E-02   0.48889100E-03   0.97657800       0.30492100E-01   0.20484600       0.58333200E-01        1       1
       97   0.50662900E-03   0.14023300E-02   0.46124900E-03   0.97729400       0.21304100E-01   0.20258000       0.58336000E-01        1       1
       98   0.40513600E-03   0.12221400E-02   0.53337600E-03   0.97764400       0.23668500E-01   0.19983700       0.60969300E-01        1       1
       99   0.72169800E-03   0.11900500E-02   0.71123000E-03   0.97766000       0.23804100E-01   0.19973400       0.60994100E-01        1       1
      100   0.90100800E-03   0.12269100E-03   0.57101900E-04   0.97712600       0.26334000E-01   0.20344500       0.56042500E-01        1       1
      101   0.10767100E-02   0.86739300E-04   0.34906200E-03   0.98428100       0.27008500E-01   0.16122000       0.66853400E-01        1       1
      102   0.83870600E-03   0.94939500E-04   0.28745100E-03   0.97763700       0.23786700E-01   0.19988600       0.60881300E-01        1       1
      103   0.94834500E-03   0.24816000E-03   0.21289100E-03   0.97919700       0.29806900E-01   0.19339800       0.53687400E-01        1       1
      104   0.10856200E-02   0.11663000E-03   0.14624800E-03   0.98199200       0.70983300E-01   0.16251100       0.65145200E-01        1       1
      105   0.11081200E-02   0.31766200E-03   0.46218000E-03   0.97760100       0.23179000E-01   0.20026400       0.60434700E-01        1       1
      106   0.10562900E-02   0.10016800E-03   0.57919900E-03   0.97368400       0.36953400E-01   0.21769800       0.56399100E-01        1       1
      107   0.85003800E-03   0.92936500E-04   0.61185000E-03   0.97742000       0.26971200E-01   0.20056900       0.60786100E-01        1       1
      108   0.93504400E-03   0.19226400E-03   0.44825800E-03   0.97845400       0.23911000E-01   0.19613400       0.59901000E-01        1       1
      109   0.89491200E-03   0.33995700E-03   0.57859100E-03   0.97773600       0.23618400E-01   0.19926900       0.61365300E-01        1       1
      110   0.99590900E-03   0.27537100E-03   0.74417000E-03   0.97829000       0.22160600E-01   0.19587100       0.63971500E-01        1       1
      111   0.10720900E-02   0.60631500E-03   0.15618600E-03   0.97765700       0.23705600E-01   0.19979800       0.60870100E-01        1       1
      112   0.86537800E-03   0.43222200E-03   0.14006000E-03   0.97649600       0.19788400E-01   0.20341200       0.68463900E-01        1       1
      113   0.10641500E-02   0.49976500E-03   0.33480800E-03   0.97916400       0.25908900E-01   0.19081900       0.64452700E-01        1       1
      114   0.82048600E-03   0.56990000E-03  -0.59340100E-06   0.97798800       0.17204300E-01   0.19752800       0.65014900E-01        1       1
      115   0.80808300E-03   0.57471400E-03   0.28364700E-03   0.97755300       0.22184900E-01   0.19997700       0.62504200E-01        1       1
      116   0.87450500E-03   0.70624600E-03   0.14651000E-03   0.97669100       0.28169600E-01   0.20307400       0.63573600E-01        1       1
      117   0.10676500E-02   0.40602100E-03   0.14389200E-03   0.97793300       0.20566500E-01   0.19579400       0.69915300E-01        1       1
      118   0.86786200E-03   0.39393900E-03   0.35718100E-03   0.97725400       0.22681400E-01   0.20162400       0.61706900E-01        1       1
      119   0.99682000E-03   0.72566100E-03   0.32354200E-03   0.97812900       0.14629800E-01   0.20398400       0.37950900E-01        1       1
      120   0.10058600E-02   0.50335100E-03   0.68383500E-03   0.97819300       0.24628700E-01   0.19737000       0.59800400E-01        1       1
      121   0.97572400E-03   0.70600800E-03   0.60782300E-03   0.97605100       0.14013300E-01   0.21009900       0.54649800E-01        1       1
      122   0.92551900E-03   0.56642400E-03   0.46949500E-03   0.97851900       0.20110400E-01   0.19436500       0.65707100E-01        1       1
      123   0.11165100E-02   0.58489300E-03   0.52755600E-03   0.97778400       0.22123700E-01   0.20086100       0.55711900E-01        1       1
      124   0.81815600E-03   0.74038000E-03   0.43261900E-03   0.97846600       0.15591200E-01   0.19700300       0.59594900E-01        1       1
      125   0.10032400E-02   0.92414800E-03   0.27943500E-03   0.97644500       0.18233000E-01   0.20703600       0.57963000E-01        1       1
      126   0.91754400E-03   0.95200900E-03   0.89896100E-04   0.97765000       0.23804800E-01   0.19979400       0.60955700E-01        1       1
      127   0.10457100E-02   0.79664000E-03   0.88629400E-04   0.97749300       0.23539600E-01   0.20080200       0.60266100E-01        1       1
      128   0.96256000E-03   0.11430400E-02   0.51377900E-04   0.97656800       0.28185100E-01   0.20541600       0.57656800E-01        1       1
      129   0.10311500E-02   0.11184800E-02   0.23882700E-03   0.97833700       0.25755800E-01   0.19373700       0.68263500E-01        1       1
      130   0.79049400E-03   0.85599700E-03   0.25658000E-03   0.97772700       0.22210800E-01   0.19934800       0.61779400E-01        1       1
      131   0.11406500E-02   0.97481800E-03   0.11258600E-03   0.98334000       0.13495500E-01   0.17395500       0.50984700E-01        1       1
      132   0.10847700E-02   0.10595100E-02   0.50171200E-03   0.97801000       0.25010800E-01   0.19769700       0.61538000E-01        1       1
      133   0.10391700E-02   0.89374900E-03   0.67073200E-03   0.97760500       0.22534000E-01   0.20010500       0.61137000E-01        1       1
      134   0.82125500E-03   0.99624000E-03   0.68195100E-03   0.97757800       0.17483300E-01   0.20199900       0.56843300E-01        1       1
      135   0.77549400E-03   0.94002000E-03   0.49106100E-03   0.97512500       0.27061600E-01   0.21321000       0.54228600E-01        1       1
      136   0.90299200E-03   0.10674400E-02   0.40392500E-03   0.97812500       0.23913000E-01   0.19639300       0.64262400E-01        1       1
      137   0.96886600E-03   0.86716100E-03   0.47210900E-03   0.97646700       0.22297800E-01   0.20314900       0.68888000E-01        1       1
      138   0.11209500E-02   0.10939300E-02   0.70944800E-03   0.97805500       0.23120700E-01   0.19678700       0.64404300E-01        1       1
      139   0.11477500E-02   0.77790000E-03   0.46619100E-03   0.97863100       0.21378600E-01   0.19492700       0.61868900E-01        1       1
      140   0.78146300E-03   0.77095000E-03   0.62805400E-03   0.97880400       0.35631800E-01   0.19174200       0.62520500E-01        1       1
      141   0.99052800E-03   0.13283300E-02   0.25701200E-03   0.97715600       0.25487200E-01   0.20103000       0.64063900E-01        1       1
      142   0.84691100E-03   0.13253300E-02   0.74530900E-04   0.97763500       0.23796500E-01   0.19989300       0.60884800E-01        1       1
      143   0.10750400E-02   0.14486500E-02   0.43768400E-04   0.97739200       0.19414200E-01   0.20206000       0.59155800E-01        1       1
      144   0.91902100E-03   0.14925300E-02   0.16545800E-03   0.97788700       0.22373300E-01   0.19814100       0.63059500E-01        1       1
      145   0.82722900E-03   0.12077100E-02   0.25726900E-03   0.97725000       0.25763300E-01   0.20076800       0.63335700E-01        1       1
      146   0.10221600E-02   0.12456500E-02   0.45999500E-03   0.97760400       0.23437800E-01   0.20005600       0.60977700E-01        1       1
      147   0.84116100E-03   0.13507100E-02   0.64728300E-03   0.97758300       0.24503400E-01   0.20003900       0.60954200E-01        1       1
      148   0.10669800E-02   0.13138600E-02   0.65743200E-03   0.97731800       0.22210300E-01   0.20155100       0.61093200E-01        1       1
      149   0.88752800E-03   0.14824400E-02   0.48215500E-03   0.97763300       0.23826400E-01   0.19988600       0.60913900E-01        1       1
      150   0.10843900E-02   0.14417500E-02   0.42627700E-03   0.97911500       0.32747300E-01   0.19122000       0.60799000E-01        1       1
      151   0.93599700E-03   0.11594100E-02   0.62735600E-03   0.97754100       0.27580600E-01   0.20095400       0.57192000E-01        1       1
      152   0.14633600E-02   0.10758800E-03   0.16198700E-03   0.97765600       0.23722700E-01   0.19979900       0.60883500E-01        1       1
      153   0.12698200E-02   0.20553400E-03   0.10659000E-03   0.97765300       0.23647900E-01   0.19984500       0.60808000E-01        1       1
      154   0.13783600E-02   0.26516600E-03   0.29579800E-03   0.97766100       0.23523900E-01   0.19956000       0.61662800E-01        1       1
      155   0.12769500E-02   0.86868200E-04   0.28375900E-03   0.97760500       0.24001100E-01   0.19953100       0.62448100E-01        1       1
      156   0.11642900E-02   0.25995800E-03   0.27360700E-03   0.97657800       0.24576300E-01   0.20480600       0.61206800E-01        1       1
      157   0.14293000E-02   0.16683100E-03   0.69458900E-03   0.97764800       0.23771800E-01   0.19982100       0.60910600E-01        1       1
      158   0.12629500E-02   0.17443700E-03   0.46681800E-03   0.97763900       0.23781200E-01   0.19987200       0.60885500E-01        1       1
      159   0.14988400E-02   0.23243000E-03   0.50160300E-03   0.97761000       0.23386800E-01   0.20084000       0.58273800E-01        1       1
      160   0.12231300E-02   0.23405100E-03   0.68273800E-03   0.97757100       0.24941300E-01   0.19961600       0.62335600E-01        1       1
      161   0.13801800E-02   0.37453700E-03   0.60567500E-03   0.97790500       0.26272500E-01   0.19730100       0.63908200E-01        1       1
      162   0.13802500E-02   0.60088600E-03   0.12617200E-03   0.97994000       0.57599100E-01   0.18326000       0.53060400E-01        1       1
      163   0.12461700E-02   0.44893900E-03   0.23790200E-03   0.97625700       0.24637500E-01   0.20806400       0.54991400E-01        1       1
      164   0.13290700E-02   0.59953600E-03   0.34344300E-03   0.97769600       0.24925500E-01   0.19950600       0.60724600E-01        1       1
      165   0.12063100E-02   0.73353000E-03   0.24652800E-03   0.97827700       0.16435400E-01   0.19960200       0.53509200E-01        1       1
      166   0.14889900E-02   0.73431800E-03   0.37145700E-03   0.97607000       0.42102700E-01   0.20075900       0.72186900E-01        1       1
      167   0.13195300E-02   0.40801200E-03   0.56283800E-04   0.97665500       0.25021500E-01   0.20384400       0.62980400E-01        1       1
      168   0.13148800E-02   0.54594700E-03   0.68655900E-03   0.97765100       0.23744100E-01   0.19982000       0.60888000E-01        1       1
      169   0.14710500E-02   0.55811700E-03   0.55012700E-03   0.97840100       0.21183500E-01   0.19719000       0.58292000E-01        1       1
      170   0.14569100E-02   0.41248600E-03   0.40719200E-03   0.97778800       0.23317000E-01   0.19912400       0.61125300E-01        1       1
      171   0.13071900E-02   0.67317500E-03   0.53198900E-03   0.97870700       0.24306300E-01   0.19475400       0.60109600E-01        1       1
      172   0.12582000E-02   0.45307600E-03   0.46359600E-03   0.97710400       0.23055900E-01   0.20324700       0.58537600E-01        1       1
      173   0.13431900E-02   0.10586200E-02   0.13829300E-03   0.97768900       0.22508600E-01   0.20059200       0.58144800E-01        1       1
      174   0.14433300E-02   0.94765500E-03   0.30208800E-03   0.97691600       0.24566400E-01   0.19947600       0.72397900E-01        1       1
      175   0.12442400E-02   0.78238700E-03   0.55775200E-04   0.97768500       0.12214700E-01   0.19890000       0.66492600E-01        1       1
      176   0.14138600E-02   0.79769400E-03   0.17154200E-03   0.97819900       0.18198300E-01   0.19801600       0.59875800E-01        1       1
      177   0.12453900E-02   0.92201300E-03   0.34290100E-03   0.97673000       0.26448500E-01   0.20374200       0.61546500E-01        1       1
      178   0.13571900E-02   0.10871600E-02   0.63650400E-03   0.97752200       0.24778000E-01   0.19995800       0.62074400E-01        1       1
      179   0.12990100E-02   0.11300900E-02   0.38477800E-03   0.97919600       0.15906100E-01   0.19167100       0.64688600E-01        1       1
      180   0.12321300E-02   0.92740300E-03   0.60421000E-03   0.97751000       0.26667700E-01   0.19985400       0.61821400E-01        1       1
      181   0.15004000E-02   0.10688800E-02   0.49383100E-03   0.97723500       0.25428300E-01   0.20315800       0.55608400E-01        1       1
      182   0.14033700E-02   0.86248700E-03   0.50697500E-03   0.97791900       0.61669800E-01   0.18842400       0.66087900E-01        1       1
      183   0.14016700E-02   0.89936300E-03   0.74677300E-03   0.97885200       0.33823800E-01   0.19139300       0.63825100E-01        1       1
      184   0.14320700E-02   0.13850400E-02   0.67776900E-04   0.97713000       0.25881300E-01   0.20072100       0.65251700E-01        1       1
      185   0.12600400E-02   0.13314100E-02   0.36883200E-03   0.97554500       0.34931700E-01   0.20931200       0.57278000E-01        1       1
      186   0.14803200E-02   0.14724800E-02   0.25713400E-03   0.97755000       0.20865800E-01   0.20114200       0.59183100E-01        1       1
      187   0.14730400E-02   0.12865900E-02   0.34623700E-03   0.97771300       0.22516300E-01   0.19990300       0.60077900E-01        1       1
      188   0.13335400E-02   0.12615100E-02   0.19170200E-03   0.97466000       0.25253000E-01   0.21570900       0.53568300E-01        1       1
      189   0.11677200E-02   0.12069600E-02   0.93082200E-04   0.97781600       0.27106700E-01   0.19820700       0.62093200E-01        1       1
      190   0.11584800E-02   0.14355600E-02   0.22651300E-03   0.97804200       0.18395100E-01   0.19881900       0.59713300E-01        1       1
      191   0.13774800E-02   0.13290100E-02   0.53436500E-03   0.97747200       0.21592700E-01   0.20070800       0.61639500E-01        1       1
      192   0.14704800E-02   0.12440400E-02   0.69258800E-03   0.97765500       0.23711000E-01   0.19980800       0.60868300E-01        1       1
      193   0.12661200E-02   0.13165700E-02   0.73055500E-03   0.97777900       0.25818800E-01   0.19870300       0.61633000E-01        1       1
      194   0.13953500E-02   0.15095000E-02   0.68438300E-03   0.97765200       0.23845000E-01   0.19976700       0.61006600E-01        1       1
      195   0.12119200E-02   0.12060700E-02   0.56570400E-03   0.97756800       0.22281500E-01   0.20065200       0.60027700E-01        1       1
      196   0.13701000E-02   0.15094300E-02   0.42654800E-03   0.97831000       0.27274600E-01   0.19824600       0.53514400E-01        1       1
      197   0.11990800E-02   0.14794800E-02   0.63526200E-03   0.97916500       0.21668100E-01   0.19196300       0.62576300E-01        1       1
