       1   0.000000e+00   0.000000e+00   6.000000e-05
       1   4.242641e-05   0.000000e+00   4.242641e-05
       1   3.000000e-05   3.000000e-05   4.242641e-05
       1   0.000000e+00   4.242641e-05   4.242641e-05
       1  -3.000000e-05   3.000000e-05   4.242641e-05
       1  -4.242641e-05   0.000000e+00   4.242641e-05
       1  -3.000000e-05  -3.000000e-05   4.242641e-05
       1   0.000000e+00  -4.242641e-05   4.242641e-05
       1   3.000000e-05  -3.000000e-05   4.242641e-05
       1   6.000000e-05   0.000000e+00   0.000000e+00
       1   4.242641e-05   4.242641e-05   0.000000e+00
       1   0.000000e+00   6.000000e-05   0.000000e+00
       1  -4.242641e-05   4.242641e-05   0.000000e+00
       1  -6.000000e-05   0.000000e+00   0.000000e+00
       1  -4.242641e-05  -4.242641e-05   0.000000e+00
       1   0.000000e+00  -6.000000e-05   0.000000e+00
       1   4.242641e-05  -4.242641e-05   0.000000e+00
       1   4.242641e-05   0.000000e+00  -4.242641e-05
       1   3.000000e-05   3.000000e-05  -4.242641e-05
       1   0.000000e+00   4.242641e-05  -4.242641e-05
       1  -3.000000e-05   3.000000e-05  -4.242641e-05
       1  -4.242641e-05   0.000000e+00  -4.242641e-05
       1  -3.000000e-05  -3.000000e-05  -4.242641e-05
       1   0.000000e+00  -4.242641e-05  -4.242641e-05
       1   3.000000e-05  -3.000000e-05  -4.242641e-05
       1   0.000000e+00   0.000000e+00  -6.000000e-05
       2   0.000000e+00   0.000000e+00   0.000000e+00