-3.490227e-06 -7.966561e-07 5.989317e-05 1.000000e-05
-6.638746e-06 -1.233258e-05 5.832350e-05 1.000000e-05
1.095704e-05 8.152044e-06 5.844188e-05 1.000000e-05
-2.346469e-05 3.049078e-06 5.513978e-05 1.000000e-05
1.096673e-05 -1.962203e-05 5.560134e-05 1.000000e-05
-5.956731e-07 2.544270e-05 5.438042e-05 1.000000e-05
-2.432481e-05 -1.980855e-05 5.110708e-05 1.000000e-05
2.771123e-05 -9.889076e-07 5.321382e-05 1.000000e-05
-2.678887e-05 2.168460e-05 4.915061e-05 1.000000e-05
-1.680438e-07 -3.502600e-05 4.865012e-05 1.000000e-05
1.945172e-05 2.784830e-05 4.951633e-05 1.000000e-05
-3.984536e-05 -6.782798e-06 4.432171e-05 1.000000e-05
3.014739e-05 -2.194013e-05 4.697346e-05 1.000000e-05
-1.270382e-05 3.867888e-05 4.415466e-05 1.000000e-05
-2.208965e-05 -3.744737e-05 4.126119e-05 1.000000e-05
3.805480e-05 1.381220e-05 4.432364e-05 1.000000e-05
-4.295790e-05 1.676426e-05 3.841785e-05 1.000000e-05
1.647247e-05 -4.167285e-05 3.980948e-05 1.000000e-05
1.202807e-05 4.353826e-05 3.960082e-05 1.000000e-05
-4.318658e-05 -2.372377e-05 3.416024e-05 1.000000e-05
4.480118e-05 -1.126749e-05 3.827390e-05 1.000000e-05
-2.979045e-05 3.999770e-05 3.346092e-05 1.000000e-05
-8.802296e-06 -4.980208e-05 3.213979e-05 1.000000e-05
3.712814e-05 3.186972e-05 3.482305e-05 1.000000e-05
-5.306501e-05 2.290281e-06 2.789754e-05 1.000000e-05
3.482044e-05 -3.749872e-05 3.122934e-05 1.000000e-05
-3.587552e-06 5.243808e-05 2.910565e-05 1.000000e-05
-3.615063e-05 -4.098377e-05 2.460059e-05 1.000000e-05
5.202668e-05 6.358215e-06 2.924341e-05 1.000000e-05
-4.589527e-05 3.137390e-05 2.267692e-05 1.000000e-05
1.020541e-05 -5.417745e-05 2.347125e-05 1.000000e-05
2.677959e-05 4.775275e-05 2.473945e-05 1.000000e-05
-5.476512e-05 -1.672449e-05 1.780120e-05 1.000000e-05
4.988184e-05 -2.445688e-05 2.258880e-05 1.000000e-05
-2.254886e-05 5.259804e-05 1.828512e-05 1.000000e-05
-2.090791e-05 -5.394059e-05 1.558454e-05 1.000000e-05
5.031839e-05 2.617318e-05 1.972324e-05 1.000000e-05
-5.677328e-05 1.524392e-05 1.208695e-05 1.000000e-05
3.024015e-05 -4.951892e-05 1.499691e-05 1.000000e-05
9.728385e-06 5.757940e-05 1.417413e-05 1.000000e-05
-4.747653e-05 -3.564595e-05 8.231638e-06 1.000000e-05
5.816717e-05 -5.548521e-06 1.363930e-05 1.000000e-05
-4.031213e-05 4.390270e-05 7.403115e-06 1.000000e-05
-7.220755e-07 -5.949706e-05 6.967323e-06 1.000000e-05
4.003266e-05 4.373667e-05 9.668263e-06 1.000000e-05
-5.975246e-05 -4.886180e-06 1.899280e-06 1.000000e-05
4.701136e-05 -3.663993e-05 6.453881e-06 1.000000e-05
-1.031529e-05 5.910490e-05 3.310616e-06 1.000000e-05
-3.246146e-05 -5.035414e-05 -8.237258e-07 1.000000e-05
5.788722e-05 1.534087e-05 4.218571e-06 1.000000e-05
-5.298021e-05 2.804210e-05 -3.287481e-06 1.000000e-05
2.039574e-05 -5.631900e-05 -1.465704e-06 1.000000e-05
2.326639e-05 5.539586e-05 -8.531887e-07 1.000000e-05
-5.397348e-05 -2.491223e-05 -7.774920e-06 1.000000e-05
5.716176e-05 -1.801818e-05 -2.390856e-06 1.000000e-05
-2.921078e-05 5.193967e-05 -7.614847e-06 1.000000e-05
-1.254605e-05 -5.780656e-05 -9.484905e-06 1.000000e-05
4.913130e-05 3.406768e-05 -5.729706e-06 1.000000e-05
-5.787170e-05 8.160802e-06 -1.358324e-05 1.000000e-05
3.835877e-05 -4.496424e-05 -9.961703e-06 1.000000e-05
3.440340e-06 5.884543e-05 -1.167541e-05 1.000000e-05
-4.046021e-05 -4.083671e-05 -1.693613e-05 1.000000e-05
5.880086e-05 2.681978e-06 -1.170222e-05 1.000000e-05
-4.310980e-05 3.755802e-05 -1.835543e-05 1.000000e-05
8.411864e-06 -5.653709e-05 -1.795562e-05 1.000000e-05
3.381005e-05 4.696234e-05 -1.614835e-05 1.000000e-05
-5.397417e-05 -1.172354e-05 -2.336530e-05 1.000000e-05
4.973355e-05 -2.775967e-05 -1.875592e-05 1.000000e-05
-1.532354e-05 5.353027e-05 -2.256570e-05 1.000000e-05
-2.193085e-05 -4.948731e-05 -2.569612e-05 1.000000e-05
5.184946e-05 2.126721e-05 -2.154713e-05 1.000000e-05
-4.915321e-05 1.904614e-05 -2.869818e-05 1.000000e-05
2.620560e-05 -4.694037e-05 -2.648762e-05 1.000000e-05
1.534371e-05 5.149824e-05 -2.687496e-05 1.000000e-05
-4.216343e-05 -2.742073e-05 -3.262265e-05 1.000000e-05
5.236998e-05 -8.435081e-06 -2.802942e-05 1.000000e-05
-2.890848e-05 4.080035e-05 -3.326340e-05 1.000000e-05
-2.384765e-06 -4.910283e-05 -3.426250e-05 1.000000e-05
3.812835e-05 3.371779e-05 -3.187883e-05 1.000000e-05
-4.600200e-05 6.509542e-07 -3.850176e-05 1.000000e-05
3.696313e-05 -3.129779e-05 -3.534112e-05 1.000000e-05
-1.814252e-06 4.676219e-05 -3.766278e-05 1.000000e-05
-2.516960e-05 -3.521854e-05 -4.145973e-05 1.000000e-05
4.579996e-05 8.362403e-06 -3.787858e-05 1.000000e-05
-3.379773e-05 2.382460e-05 -4.351587e-05 1.000000e-05
1.336906e-05 -3.965146e-05 -4.291590e-05 1.000000e-05
2.123000e-05 3.670124e-05 -4.253685e-05 1.000000e-05
-3.405934e-05 -1.264552e-05 -4.771574e-05 1.000000e-05
3.753721e-05 -1.362361e-05 -4.475968e-05 1.000000e-05
-1.250585e-05 3.356016e-05 -4.819837e-05 1.000000e-05
-7.422968e-06 -3.208622e-05 -5.009049e-05 1.000000e-05
3.118918e-05 1.721858e-05 -4.831567e-05 1.000000e-05
-2.697725e-05 7.478038e-06 -5.307455e-05 1.000000e-05
1.953298e-05 -2.255603e-05 -5.201632e-05 1.000000e-05
6.521521e-06 2.694778e-05 -5.325601e-05 1.000000e-05
-1.480417e-05 -1.430483e-05 -5.632948e-05 1.000000e-05
2.381709e-05 6.646786e-08 -5.507292e-05 1.000000e-05
-8.580296e-06 1.286079e-05 -5.799091e-05 1.000000e-05
3.997201e-06 -1.102135e-05 -5.882472e-05 1.000000e-05
3.511214e-06 9.821980e-07 -5.988919e-05 1.000000e-05
1.049325e-08 9.277095e-08 1.991060e-09 5.000000e-05
