Volume: 5.6467980879632404e-11
Density: 2500.0
Mass: 1.41169952199081e-07
equvi_diameter: 0.0004759937082839277
Inertia_tensor: 
 [[ 3.72575104e-15  1.76569752e-19 -1.75718177e-19]
 [ 1.76569752e-19  1.44550092e-14  2.26393807e-19]
 [-1.75718177e-19  2.26393807e-19  1.70868350e-14]]
Positions: 
0.0 0.00018747120000000002 0.0 0.000139183
0.000249556 6.411920000000003e-05 0.0 0.000139183
0.00041755 -0.0001578548 0.0 0.000139183
-0.000249556 6.411920000000003e-05 0.0 0.000139183
-0.00041755 -0.0001578548 0.0 0.000139183
