Volume: 5.646956493964574e-11
Density: 2500.0
Mass: 1.4117391234911433e-07
equvi_diameter: 0.0004759981591576071
Inertia_tensor: 
 [[ 5.63376999e-15 -7.19770936e-19  1.18134036e-19]
 [-7.19770936e-19  7.40443066e-15  1.84010736e-19]
 [ 1.18134036e-19  1.84010736e-19  1.19440739e-14]]
Positions: 
0.0 0.000271266 0.0 0.000139183
0.0001851 6.334399999999998e-05 0.0 0.000139183
0.000278366 -0.00019897700000000003 0.0 0.000139183
-0.0001851 6.334399999999998e-05 0.0 0.000139183
-0.000278366 -0.00019897700000000003 0.0 0.000139183
