Volume: 5.6469549624900035e-11
Density: 2500.0
Mass: 1.4117387406225008e-07
equvi_diameter: 0.0004759981161268085
Inertia_tensor: 
 [[ 2.51091619e-15  2.99773079e-19 -1.38288871e-19]
 [ 2.99773079e-19  1.85542907e-14  3.40473516e-20]
 [-1.38288871e-19  3.40473516e-20  1.99713971e-14]]
Positions: 
0.0 0.00012852875999999999 0.0 0.000139183
0.000268164 5.380185999999999e-05 0.0 0.000139183
0.000487141 -0.00011806624000000002 0.0 0.000139183
-0.000268164 5.380185999999999e-05 0.0 0.000139183
-0.000487141 -0.00011806624000000002 0.0 0.000139183
