Volume: 5.646735827732233e-11
Density: 2500.0
Mass: 1.4116839569330583e-07
equvi_diameter: 0.0004759919588803015
Inertia_tensor: 
 [[6.32169814e-15 1.89838570e-19 9.66976742e-20]
 [1.89838570e-19 4.70924412e-15 1.05400397e-19]
 [9.66976742e-20 1.05400397e-19 9.93699274e-15]]
Positions: 
0.0 0.00029931360000000004 0.0 0.000139183
0.000142969 6.042960000000004e-05 0.0 0.000139183
0.000208775 -0.00021008639999999998 0.0 0.000139183
-0.000142969 6.042960000000004e-05 0.0 0.000139183
-0.000208775 -0.00021008639999999998 0.0 0.000139183
