Volume: 5.507593955245418e-11
Density: 2500.0
Mass: 1.3768984888113546e-07
equvi_diameter: 0.0004720497414518622
Inertia_tensor: 
 [[ 6.79735602e-15 -1.05189373e-19  7.99430948e-20]
 [-1.05189373e-19  2.71302668e-15 -1.48844542e-19]
 [ 7.99430948e-20 -1.48844542e-19  8.42852176e-15]]
Positions: 
0.0 0.00031885679999999996 0.0 0.000139183
9.70942e-05 5.791679999999998e-05 0.0 0.000139183
0.000139183 -0.0002173452 0.0 0.000139183
-9.70942e-05 5.791679999999998e-05 0.0 0.000139183
-0.000139183 -0.0002173452 0.0 0.000139183
