        1   0.17020700E-03   0.12509200E-03   0.29351600E-03   0.88665400      -0.17967300      -0.31654100       0.28524400            1       1
        2   0.21292600E-03   0.13156000E-03   0.78033100E-04   0.88669100      -0.17952700      -0.31666000       0.28508900            1       1
        3   0.25619900E-04   0.27647600E-03   0.65094700E-04   0.88676400      -0.17952300      -0.31642500       0.28512400            1       1
        4   0.20072800E-03   0.31313400E-03   0.16434500E-03   0.88708000      -0.17956900      -0.31579600       0.28481100            1       1
        5   0.37876800E-03   0.31585500E-03   0.25731400E-03   0.88817500      -0.17907900      -0.31419100       0.28348000            1       1
        6   0.26104600E-03   0.12523200E-03   0.57406900E-03   0.88629400      -0.18004800      -0.31559400       0.28716900            1       1
        7   0.10181300E-03   0.16015400E-03   0.69041600E-03   0.88668900      -0.17957700      -0.31657700       0.28515600            1       1
        8   0.10550900E-03   0.37809000E-04   0.48180500E-03   0.88647900      -0.17980100      -0.31646800       0.28578800            1       1
        9   0.13708500E-03   0.27848400E-03   0.41769900E-03   0.88670100      -0.17919100      -0.31708300       0.28480000            1       1
       10   0.34519700E-03   0.29449600E-03   0.45410800E-03   0.88758100      -0.17905800      -0.31359000       0.28600600            1       1
       11   0.74761300E-04   0.47773800E-03   0.12668000E-03   0.88687200      -0.17967000      -0.31642700       0.28469300            1       1
       12   0.15144700E-03   0.64889900E-03   0.20997900E-03   0.88693400      -0.17908800      -0.31643200       0.28486300            1       1
       13   0.34062200E-03   0.70579900E-03   0.14319200E-03   0.88705500      -0.17980300      -0.31673900       0.28369300            1       1
       14   0.23135000E-03   0.57570300E-03   0.37106500E-04   0.88675400      -0.17995100      -0.31656700       0.28472900            1       1
       15   0.34250100E-03   0.50977200E-03   0.19065900E-03   0.88645000      -0.18212700      -0.31627000       0.28462000            1       1
       16   0.31012200E-03   0.65062900E-03   0.35140600E-03   0.88569800      -0.18119200      -0.31746600       0.28622200            1       1
       17   0.20495700E-03   0.45777400E-03   0.32971400E-03   0.88779400      -0.17535200      -0.31505400       0.28603100            1       1
       18   0.65680400E-04   0.41398800E-03   0.69228700E-03   0.88680700      -0.17999100      -0.31598100       0.28518900            1       1
       19   0.30820200E-03   0.64405100E-03   0.56523500E-03   0.88737900      -0.17863600      -0.31711900       0.28299000            1       1
       20   0.69374700E-04   0.62305400E-03   0.70402300E-03   0.88656700      -0.17968200      -0.31679100       0.28523100            1       1
       21   0.11328200E-03   0.58041600E-03   0.51102900E-03   0.88715200      -0.17909900      -0.31621800       0.28441300            1       1
       22   0.25089500E-03   0.76341300E-03   0.72890500E-03   0.88715500      -0.17463000      -0.31884900       0.28424600            1       1
       23   0.22360000E-03   0.41039200E-03   0.56550800E-03   0.88552900      -0.17959700      -0.31687000       0.28840200            1       1
       24   0.13915300E-03   0.76717400E-03   0.40683000E-03   0.88664400      -0.18164500      -0.31507800       0.28564500            1       1
       25   0.36426100E-03   0.46272400E-03   0.71305000E-03   0.88633500      -0.18027800      -0.31640300       0.28600700            1       1
       26   0.20049300E-03   0.11403000E-02   0.87705400E-04   0.88742800      -0.17849600      -0.31569500       0.28451100            1       1
       27   0.21281100E-03   0.94940900E-03   0.35290900E-03   0.88717000      -0.18054500      -0.31483700       0.28497600            1       1
       28   0.69903900E-04   0.91249300E-03   0.21779700E-03   0.88588100      -0.18547700      -0.31586200       0.28468300            1       1
       29   0.77575900E-04   0.78426100E-03   0.59205700E-04   0.88682400      -0.17772400      -0.31763600       0.28472000            1       1
       30   0.42048000E-04   0.11133300E-02   0.20965300E-03   0.88749900      -0.17906800      -0.31595900       0.28363900            1       1
       31   0.26705500E-03   0.92331600E-03   0.15028700E-03   0.88750400      -0.17841800      -0.31576300       0.28424800            1       1
       32   0.38076700E-03   0.83647100E-03   0.29740200E-03   0.88377300      -0.17347800      -0.32180200       0.29205000            1       1
       33   0.15731900E-03   0.98184000E-03   0.54282700E-03   0.88628900      -0.18001800      -0.31812700       0.28439600            1       1
       34   0.65562100E-04   0.82194300E-03   0.63531400E-03   0.88680700      -0.17978800      -0.31641000       0.28484100            1       1
       35   0.53879000E-04   0.11195400E-02   0.66280600E-03   0.88680600      -0.17936300      -0.31657300       0.28493100            1       1
       36   0.25422100E-03   0.11306200E-02   0.67168500E-03   0.88681300      -0.18099800      -0.31540300       0.28517200            1       1
       37   0.17373500E-03   0.95174500E-03   0.74260700E-03   0.88630900      -0.17996900      -0.31737700       0.28520000            1       1
       38   0.74151400E-04   0.11311600E-02   0.42458400E-03   0.88715100      -0.17968200      -0.31602100       0.28426700            1       1
       39   0.35521000E-03   0.10459400E-02   0.49248400E-03   0.88637600      -0.18125400      -0.31833800       0.28310100            1       1
       40   0.37544700E-03   0.96001000E-03   0.69036500E-03   0.88635900      -0.17959600      -0.31649400       0.28626000            1       1
       41   0.36314200E-03   0.83675700E-03   0.52161400E-03   0.88532900      -0.17709200      -0.31401500       0.29364100            1       1
       42   0.25541100E-03   0.13247400E-02   0.16073900E-03   0.88673200      -0.17876300      -0.31684500       0.28523600            1       1
       43   0.10897400E-03   0.14642000E-02   0.13261200E-03   0.88668300      -0.17950600      -0.31680400       0.28496500            1       1
       44   0.20493700E-03   0.14723000E-02   0.33681800E-03   0.88688700      -0.17948900      -0.31625500       0.28495300            1       1
       45   0.85814700E-04   0.13145600E-02   0.27212800E-03   0.88683900      -0.18083800      -0.31648600       0.28399100            1       1
       46   0.30962900E-03   0.14949800E-02   0.68632900E-04   0.88670500      -0.17939300      -0.31685100       0.28491600            1       1
       47   0.23040100E-03   0.11768400E-02   0.30249000E-03   0.88654500      -0.17886100      -0.31679300       0.28581400            1       1
       48   0.13689600E-03   0.13030600E-02   0.66541400E-03   0.88667900      -0.18069800      -0.31675300       0.28428300            1       1
       49   0.18668900E-03   0.13209700E-02   0.46794000E-03   0.88673600      -0.17947200      -0.31661000       0.28504000            1       1
       50   0.35492200E-03   0.13201800E-02   0.73782400E-03   0.88649400      -0.17944500      -0.31701000       0.28536200            1       1
       51   0.23861800E-03   0.14769900E-02   0.65201000E-03   0.88625000      -0.17905200      -0.31752100       0.28580000            1       1
       52   0.36202300E-04   0.15012300E-02   0.65832200E-03   0.88796900      -0.18130500      -0.31530700       0.28146100            1       1
       53   0.36892100E-03   0.12445500E-02   0.54625300E-03   0.88768100      -0.18005200      -0.31380900       0.28483000            1       1
       54   0.61976900E-03   0.10190400E-03   0.10248700E-03   0.88614000      -0.18047900      -0.31718100       0.28562200            1       1
       55   0.57983100E-03   0.27071200E-03   0.22174900E-03   0.88621900      -0.17796400      -0.31832300       0.28568300            1       1
       56   0.45747700E-03   0.11797000E-03   0.29546400E-03   0.88676800      -0.17947200      -0.31650400       0.28505800            1       1
       57   0.41904800E-03   0.18433500E-03   0.90090700E-04   0.88697900      -0.17915900      -0.31563600       0.28555900            1       1
       58   0.73574800E-03   0.22623500E-03   0.35017900E-03   0.88738500      -0.18266100      -0.31170600       0.28639500            1       1
       59   0.46698400E-03   0.38016000E-03   0.87632200E-04   0.88637600      -0.17938400      -0.31790000       0.28477700            1       1
       60   0.66118800E-03   0.26781400E-03   0.75722500E-03   0.89018800      -0.18119400      -0.31055300       0.27980400            1       1
       61   0.40764500E-03   0.23752000E-03   0.67288100E-03   0.88786400      -0.17809500      -0.31603000       0.28302900            1       1
       62   0.47344900E-03   0.13735000E-03   0.51247700E-03   0.88657800      -0.17978700      -0.31635500       0.28561500            1       1
       63   0.69420200E-03   0.15836400E-03   0.53463900E-03   0.88882400      -0.17807400      -0.31032300       0.28632300            1       1
       64   0.72958700E-03   0.66340600E-04   0.71186700E-03   0.88287800      -0.18398100      -0.31632300       0.29430800            1       1
       65   0.72879700E-03   0.36643400E-03   0.55179600E-03   0.88587400      -0.18514500      -0.31212000       0.28901500            1       1
       66   0.51970000E-03   0.74893200E-04   0.70493800E-03   0.88603100      -0.17442300      -0.32027900       0.28626500            1       1
       67   0.55072800E-03   0.30031000E-03   0.42342900E-03   0.88653200      -0.17365700      -0.31643100       0.28944000            1       1
       68   0.75575700E-03   0.29429100E-04   0.39045500E-03   0.88851500      -0.17382600      -0.31368800       0.28622700            1       1
       69   0.53472100E-03   0.38310200E-03   0.60559500E-03   0.88798300      -0.17398600      -0.31474300       0.28662000            1       1
       70   0.52087800E-03   0.45437500E-03   0.29755700E-03   0.88660500      -0.18413600      -0.31433600       0.28498900            1       1
       71   0.51657800E-03   0.60765600E-03   0.14825900E-03   0.88620500      -0.18148000      -0.31743400       0.28450300            1       1
       72   0.66560600E-03   0.59899200E-03   0.28816900E-03   0.88452800      -0.17609700      -0.31447800       0.29614700            1       1
       73   0.66561200E-03   0.44069300E-03   0.15551900E-03   0.88520500      -0.18594500      -0.31758500       0.28456400            1       1
       74   0.70250900E-03   0.67939500E-03   0.10879600E-03   0.88588200      -0.18034400      -0.31775900       0.28586600            1       1
       75   0.49687600E-03   0.67724400E-03   0.43322400E-03   0.88844200      -0.19061900      -0.30747300       0.28248200            1       1
       76   0.43078300E-03   0.66852200E-03   0.72420900E-03   0.88740800      -0.18020900      -0.31484200       0.28443900            1       1
       77   0.71689200E-03   0.72564000E-03   0.45832600E-03   0.88835900      -0.17977800      -0.31453300       0.28207600            1       1
       78   0.57245700E-03   0.51679800E-03   0.75338700E-03   0.88569300      -0.18247000      -0.31487900       0.28827700            1       1
       79   0.59438200E-03   0.65437100E-03   0.60702100E-03   0.88381200      -0.18502900      -0.32094600       0.28571900            1       1
       80   0.61970900E-03   0.51398500E-03   0.46480200E-03   0.88645500      -0.18312700      -0.31559700       0.28471200            1       1
       81   0.41342000E-03   0.48677000E-03   0.48339500E-03   0.88285500      -0.18488000      -0.32282800       0.28665200            1       1
       82   0.64547400E-03   0.94463300E-03   0.16084600E-03   0.89342000      -0.17883700      -0.31389100       0.26700300            1       1
       83   0.45594400E-03   0.99573100E-03   0.10222800E-03   0.88691600      -0.17931100      -0.31648600       0.28471700            1       1
       84   0.61267500E-03   0.11508300E-02   0.15332300E-03   0.88341900      -0.18675300      -0.32103100       0.28571500            1       1
       85   0.54656900E-03   0.79800400E-03   0.67417800E-04   0.88576100      -0.17934400      -0.31764500       0.28699200            1       1
       86   0.57002300E-03   0.77497000E-03   0.26606900E-03   0.89125800      -0.16518000      -0.29827900       0.29900500            1       1
       87   0.56392900E-03   0.95893900E-03   0.35455600E-03   0.89634100      -0.15933200      -0.30550500       0.27902100            1       1
       88   0.75498300E-03   0.10193200E-02   0.33699400E-03   0.88570500      -0.19418500      -0.31453500       0.28086600            1       1
       89   0.38885800E-03   0.10416200E-02   0.29276100E-03   0.88585000      -0.18058400      -0.31724900       0.28638000            1       1
       90   0.76904700E-03   0.79274900E-03   0.27699000E-03   0.88955800      -0.17222600      -0.31080000       0.28710200            1       1
       91   0.56295600E-03   0.10711700E-02   0.54635300E-03   0.88977500      -0.17721300      -0.31917000       0.27390800            1       1
       92   0.67719800E-03   0.10073700E-02   0.70160400E-03   0.88667700      -0.17863400      -0.31559800       0.28686700            1       1
       93   0.47983000E-03   0.11443600E-02   0.73437400E-03   0.88683400      -0.17937800      -0.31672100       0.28466800            1       1
       94   0.72099900E-03   0.81597600E-03   0.73974300E-03   0.88571700      -0.18186900      -0.31728700       0.28593400            1       1
       95   0.54305600E-03   0.84344700E-03   0.64923700E-03   0.88576900      -0.18057100      -0.31660200       0.28735000            1       1
       96   0.68582500E-03   0.91475000E-03   0.52125900E-03   0.88770300      -0.17971900      -0.31276200       0.28612100            1       1
       97   0.61643500E-03   0.15052400E-02   0.26180400E-03   0.88742800      -0.18167200      -0.31666700       0.28140400            1       1
       98   0.54943200E-03   0.13472100E-02   0.49253000E-04   0.88700300      -0.17829700      -0.31678300       0.28475300            1       1
       99   0.54435800E-03   0.13170500E-02   0.25165400E-03   0.88300700      -0.18288200      -0.31379000       0.29730100            1       1
      100   0.72161900E-03   0.14541900E-02   0.88086100E-04   0.88660400      -0.17966700      -0.31678700       0.28513100            1       1
      101   0.39633100E-03   0.14542200E-02   0.24671300E-03   0.88391800      -0.17449300      -0.31570800       0.29760500            1       1
      102   0.41618500E-03   0.11955900E-02   0.14159600E-03   0.89053900      -0.16383300      -0.31954600       0.27926500            1       1
      103   0.70118800E-03   0.12123700E-02   0.32502700E-03   0.88798500      -0.17122600      -0.32240600       0.27967800            1       1
      104   0.54687300E-03   0.13185600E-02   0.60483300E-03   0.88666400      -0.17953600      -0.31673200       0.28508700            1       1
      105   0.64932700E-03   0.14944000E-02   0.56222400E-03   0.88681000      -0.17931300      -0.31672100       0.28478500            1       1
      106   0.73025300E-03   0.13142600E-02   0.49595600E-03   0.88519700      -0.18482200      -0.31639300       0.28663900            1       1
      107   0.50236800E-03   0.14247400E-02   0.42712600E-03   0.88681100      -0.17928200      -0.31633700       0.28522800            1       1
      108   0.48893100E-03   0.11869700E-02   0.39385900E-03   0.88889200      -0.17840100      -0.31664700       0.27888800            1       1
      109   0.68870300E-03   0.12069800E-02   0.73281200E-03   0.88693000      -0.18273000      -0.31310900       0.28622800            1       1
      110   0.88258300E-03   0.12193900E-03   0.58800000E-04   0.88720100      -0.17838400      -0.31578400       0.28519200            1       1
      111   0.10941000E-02   0.71966000E-04   0.34199000E-03   0.88508600      -0.17234000      -0.32765200       0.28207500            1       1
      112   0.90140000E-03   0.13046600E-03   0.29167000E-03   0.88641800      -0.17924400      -0.31745100       0.28523500            1       1
      113   0.10105900E-02   0.26916600E-03   0.16188400E-03   0.88648500      -0.17911700      -0.31747000       0.28508500            1       1
      114   0.10593200E-02   0.71868100E-04   0.14478100E-03   0.88636200      -0.16985800      -0.32843900       0.27863600            1       1
      115   0.77734700E-03   0.26287900E-03   0.15775800E-03   0.88572400      -0.18462100      -0.31451100       0.28721300            1       1
      116   0.10578900E-02   0.19381300E-03   0.75815000E-03   0.88683000      -0.17951500      -0.31581200       0.28560500            1       1
      117   0.10940100E-02   0.13768500E-03   0.53238400E-03   0.88731900      -0.17697700      -0.31679600       0.28457700            1       1
      118   0.92708700E-03   0.36729600E-04   0.63395400E-03   0.88656700      -0.17966700      -0.31603000       0.28608500            1       1
      119   0.89621500E-03   0.17785800E-03   0.48783400E-03   0.88722100      -0.17827100      -0.31687500       0.28398600            1       1
      120   0.87755100E-03   0.28496900E-03   0.69926200E-03   0.88681100      -0.17926700      -0.31624600       0.28533700            1       1
      121   0.10640200E-02   0.28222900E-03   0.39152700E-03   0.88711200      -0.17762900      -0.31657700       0.28506100            1       1
      122   0.10755700E-02   0.34674300E-03   0.61020800E-03   0.88641600      -0.17877900      -0.31708600       0.28593900            1       1
      123   0.92249500E-03   0.38905900E-03   0.48855100E-03   0.88575300      -0.18166500      -0.31782800       0.28535100            1       1
      124   0.10591900E-02   0.59726800E-03   0.96422900E-04   0.88605100      -0.18186400      -0.31432600       0.28816300            1       1
      125   0.94553400E-03   0.42308900E-03   0.51779500E-04   0.88644800      -0.17971200      -0.31722000       0.28510700            1       1
      126   0.10981500E-02   0.42779700E-03   0.25035500E-03   0.88611000      -0.18030000      -0.31701200       0.28601600            1       1
      127   0.83835900E-03   0.54460400E-03   0.17470500E-03   0.88787100      -0.18153200      -0.31279400       0.28441400            1       1
      128   0.94538100E-03   0.70770700E-03   0.22115500E-03   0.88825800      -0.17638300      -0.31713000       0.28162800            1       1
      129   0.88958500E-03   0.67924100E-03   0.21646900E-04   0.88670700      -0.17970700      -0.31670900       0.28487100            1       1
      130   0.11418800E-02   0.68267600E-03   0.27231100E-03   0.88474600      -0.18643100      -0.32866400       0.27285100            1       1
      131   0.99574800E-03   0.57760400E-03   0.37091300E-03   0.87905600      -0.19418600      -0.34113900       0.27051000            1       1
      132   0.77263800E-03   0.42674400E-03   0.32780700E-03   0.88729900      -0.18003700      -0.31416200       0.28563700            1       1
      133   0.96855100E-03   0.51369000E-03   0.65107600E-03   0.88546900      -0.17937900      -0.31762900       0.28788800            1       1
      134   0.10687600E-02   0.69702300E-03   0.61516200E-03   0.88784700      -0.17704600      -0.31607400       0.28368800            1       1
      135   0.11262700E-02   0.52342200E-03   0.51600300E-03   0.88243100      -0.18624200      -0.31246500       0.29832100            1       1
      136   0.77530700E-03   0.54638600E-03   0.69887800E-03   0.88721300      -0.18062600      -0.31474800       0.28488900            1       1
      137   0.86454500E-03   0.74554000E-03   0.61052000E-03   0.88347600      -0.18378800      -0.32448200       0.28355500            1       1
      138   0.83961900E-03   0.57390300E-03   0.50729600E-03   0.88604600      -0.18431600      -0.31828000       0.28221900            1       1
      139   0.91405400E-03   0.76037800E-03   0.41374200E-03   0.87536800      -0.17984100      -0.35144100       0.27906600            1       1
      140   0.10852600E-02   0.10425500E-02   0.27484200E-03   0.88472500      -0.17615100      -0.31849900       0.29118800            1       1
      141   0.10136800E-02   0.10313500E-02   0.81917700E-04   0.88433100      -0.18071300      -0.32067400       0.28717500            1       1
      142   0.85829700E-03   0.89312700E-03   0.94757900E-04   0.88479000      -0.18984100      -0.32263700       0.27751200            1       1
      143   0.81055400E-03   0.10997600E-02   0.14575700E-03   0.88693900      -0.17769200      -0.31743200       0.28460700            1       1
      144   0.10698200E-02   0.84655000E-03   0.14816100E-03   0.88939700      -0.18889400      -0.30610000       0.28212500            1       1
      145   0.92740300E-03   0.91963700E-03   0.28499600E-03   0.88521300      -0.17688000      -0.32002500       0.28756700            1       1
      146   0.10931300E-02   0.85346700E-03   0.37945500E-03   0.88654500      -0.17977000      -0.31748400       0.28447300            1       1
      147   0.10350400E-02   0.10671000E-02   0.47337300E-03   0.88672700      -0.17938700      -0.31728500       0.28436800            1       1
      148   0.99120900E-03   0.84503400E-03   0.72961200E-03   0.88936600      -0.17619800      -0.31377700       0.28200300            1       1
      149   0.88025100E-03   0.10236000E-02   0.70545800E-03   0.88476500      -0.17108000      -0.33562500       0.27437100            1       1
      150   0.88503000E-03   0.94113400E-03   0.52237900E-03   0.88107600      -0.17527800      -0.32750700       0.29278300            1       1
      151   0.10725500E-02   0.10920200E-02   0.66979800E-03   0.88660100      -0.17948000      -0.31662200       0.28544100            1       1
      152   0.77230300E-03   0.11101100E-02   0.55114300E-03   0.89075600      -0.16702100      -0.31496400       0.28187800            1       1
      153   0.11077300E-02   0.90534200E-03   0.57679200E-03   0.88659000      -0.18056800      -0.31638800       0.28504600            1       1
      154   0.99605600E-03   0.13477700E-02   0.27210400E-03   0.88681000      -0.17918900      -0.31802900       0.28340300            1       1
      155   0.85138100E-03   0.13078500E-02   0.13347500E-03   0.88668700      -0.17962200      -0.31650300       0.28521600            1       1
      156   0.10700000E-02   0.14376500E-02   0.39126900E-04   0.88641000      -0.18090100      -0.31592200       0.28591100            1       1
      157   0.89225800E-03   0.14979700E-02   0.18371000E-03   0.88573300      -0.18205600      -0.31457200       0.28875100            1       1
      158   0.10735200E-02   0.12253000E-02   0.73311300E-04   0.88674200      -0.17873300      -0.31772700       0.28424200            1       1
      159   0.91031000E-03   0.11703500E-02   0.31263600E-03   0.88739100      -0.17935300      -0.31580000       0.28397300            1       1
      160   0.97837600E-03   0.12653000E-02   0.48463000E-03   0.88676100      -0.17957300      -0.31638300       0.28515000            1       1
      161   0.81045300E-03   0.14056200E-02   0.66408000E-03   0.88705600      -0.17890800      -0.31658600       0.28442500            1       1
      162   0.10781300E-02   0.13000900E-02   0.65867800E-03   0.88649700      -0.17917100      -0.31788200       0.28455400            1       1
      163   0.90272100E-03   0.14552800E-02   0.46690200E-03   0.88670000      -0.17950900      -0.31661800       0.28511900            1       1
      164   0.11046800E-02   0.14376400E-02   0.45751300E-03   0.88642600      -0.17838000      -0.31877400       0.28427700            1       1
      165   0.89376300E-03   0.12239900E-02   0.70475300E-03   0.88752200      -0.17944700      -0.31710200       0.28204700            1       1
      166   0.14401300E-02   0.15279700E-03   0.16428400E-03   0.88664500      -0.17955400      -0.31676100       0.28510100            1       1
      167   0.13159800E-02   0.28329100E-03   0.76627100E-04   0.88658700      -0.17940700      -0.31719600       0.28489200            1       1
      168   0.13811700E-02   0.25665200E-03   0.33412900E-03   0.88649400      -0.18154500      -0.31648200       0.28461900            1       1
      169   0.12940500E-02   0.59845400E-04   0.30439600E-03   0.88390700      -0.18587000      -0.32084700       0.28498800            1       1
      170   0.12590600E-02   0.70786700E-04   0.10079200E-03   0.88485300      -0.18458400      -0.32044700       0.28333400            1       1
      171   0.12022400E-02   0.22105900E-03   0.22948000E-03   0.88771700      -0.17789800      -0.31466000       0.28513000            1       1
      172   0.14392100E-02   0.12756200E-03   0.68560300E-03   0.88659600      -0.17968200      -0.31669700       0.28524600            1       1
      173   0.12955100E-02   0.15106400E-03   0.48542800E-03   0.88654600      -0.17971000      -0.31681200       0.28525700            1       1
      174   0.15026900E-02   0.23335400E-03   0.51250300E-03   0.88652400      -0.18027900      -0.31675200       0.28503000            1       1
      175   0.12400900E-02   0.22302100E-03   0.66961100E-03   0.88633000      -0.17972800      -0.31741000       0.28525100            1       1
      176   0.13591000E-02   0.36114800E-03   0.58637800E-03   0.88689600      -0.18015800      -0.31587500       0.28492200            1       1
      177   0.12461200E-02   0.38350300E-03   0.42263100E-03   0.88841000      -0.18105200      -0.31324800       0.28253000            1       1
      178   0.14359000E-02   0.53289200E-03   0.25761500E-04   0.88600400      -0.18015200      -0.31871300       0.28454300            1       1
      179   0.12800400E-02   0.53289200E-03   0.27120200E-03   0.88702700      -0.18131200      -0.31056600       0.28958300            1       1
      180   0.14852000E-02   0.64164000E-03   0.19919800E-03   0.88884000      -0.17140600      -0.31771900       0.28220100            1       1
      181   0.13309400E-02   0.74292300E-03   0.31102600E-03   0.88352000      -0.17653900      -0.32720500       0.28489300            1       1
      182   0.14235600E-02   0.40293400E-03   0.19966100E-03   0.88668500      -0.17990200      -0.31661800       0.28491800            1       1
      183   0.12221400E-02   0.45937900E-03   0.90725800E-04   0.88570200      -0.18384200      -0.31644100       0.28565600            1       1
      184   0.12774100E-02   0.68498300E-03   0.11505500E-03   0.88528300      -0.17223000      -0.33221000       0.27613000            1       1
      185   0.12670600E-02   0.51456000E-03   0.67835200E-03   0.88681800      -0.18010500      -0.31600800       0.28505300            1       1
      186   0.14623700E-02   0.53251000E-03   0.59537300E-03   0.88673500      -0.17819300      -0.31757100       0.28477400            1       1
      187   0.14520900E-02   0.43439700E-03   0.42072300E-03   0.88668100      -0.17907400      -0.31698300       0.28504700            1       1
      188   0.14987000E-02   0.66154600E-03   0.40230100E-03   0.88719300      -0.16841300      -0.32199300       0.28433400            1       1
      189   0.12357400E-02   0.76627200E-03   0.49031100E-03   0.88803200      -0.17104400      -0.31623700       0.28659700            1       1
      190   0.13175000E-02   0.58433700E-03   0.46586500E-03   0.88838800      -0.17890100      -0.31053500       0.28693000            1       1
      191   0.12836000E-02   0.72086600E-03   0.69350300E-03   0.88719200      -0.17785700      -0.31884200       0.28212900            1       1
      192   0.13474600E-02   0.10646600E-02   0.83994900E-05   0.88770400      -0.17279300      -0.32226900       0.27976300            1       1
      193   0.14726000E-02   0.87553500E-03   0.36046100E-03   0.88494300      -0.18268700      -0.31825200       0.28673600            1       1
      194   0.12284200E-02   0.11270100E-02   0.15802100E-03   0.88678800      -0.17925300      -0.31701500       0.28456500            1       1
      195   0.14337300E-02   0.83227500E-03   0.15780000E-03   0.88904400      -0.18437800      -0.30511400       0.28724900            1       1
      196   0.12540400E-02   0.92221600E-03   0.17321000E-03   0.88715000      -0.17884900      -0.31636900       0.28440900            1       1
      197   0.13970200E-02   0.10420500E-02   0.24653400E-03   0.88709100      -0.17540800      -0.32337700       0.27880000            1       1
      198   0.12662600E-02   0.95493900E-03   0.37715900E-03   0.89224400      -0.17960300      -0.29755700       0.28827800            1       1
      199   0.15359300E-02   0.10081000E-02   0.44408800E-04   0.88657100      -0.17578600      -0.31774900       0.28657700            1       1
      200   0.13930700E-02   0.11496200E-02   0.60713000E-03   0.88660400      -0.17848400      -0.31702400       0.28560800            1       1
      201   0.14267000E-02   0.85834600E-03   0.73495800E-03   0.88679100      -0.17944900      -0.31640100       0.28511500            1       1
      202   0.13081500E-02   0.96195700E-03   0.60979600E-03   0.88823400      -0.17859300      -0.31420900       0.28358100            1       1
      203   0.14990100E-02   0.10004500E-02   0.52473100E-03   0.88657000      -0.18608900      -0.31342500       0.28483100            1       1
      204   0.11883800E-02   0.88815300E-03   0.76208700E-03   0.89031900      -0.16804800      -0.31424100       0.28345000            1       1
      205   0.14286100E-02   0.80101700E-03   0.54138300E-03   0.88494000      -0.17791900      -0.31969500       0.28813400            1       1
      206   0.12067800E-02   0.11534700E-02   0.53401000E-03   0.88645300      -0.17945900      -0.31661300       0.28592100            1       1
      207   0.14490000E-02   0.14341800E-02   0.91100800E-04   0.88649600      -0.17769600      -0.31824700       0.28507600            1       1
      208   0.12414600E-02   0.13217700E-02   0.36445100E-03   0.88783200      -0.17939800      -0.31427400       0.28425900            1       1
      209   0.14954700E-02   0.15294000E-02   0.26571700E-03   0.88715000      -0.17897300      -0.31567400       0.28510400            1       1
      210   0.14382300E-02   0.13488500E-02   0.33329000E-03   0.88669400      -0.18057500      -0.31618100       0.28495000            1       1
      211   0.12998900E-02   0.13142800E-02   0.16956300E-03   0.88665700      -0.17941900      -0.31638000       0.28557300            1       1
      212   0.11616600E-02   0.14563000E-02   0.22250900E-03   0.88752500      -0.17892500      -0.31554900       0.28410100            1       1
      213   0.14224100E-02   0.13332900E-02   0.53334500E-03   0.88666000      -0.17957900      -0.31672500       0.28508100            1       1
      214   0.14849900E-02   0.12886000E-02   0.72034200E-03   0.88665000      -0.17957500      -0.31670700       0.28513200            1       1
      215   0.12786100E-02   0.12964800E-02   0.68327100E-03   0.88645800      -0.17951200      -0.31702000       0.28542200            1       1
      216   0.13764500E-02   0.14753600E-02   0.68142100E-03   0.88668400      -0.17951100      -0.31676900       0.28499900            1       1
      217   0.13964900E-02   0.15161000E-02   0.45569000E-03   0.88705100      -0.17916300      -0.31582000       0.28513100            1       1
      218   0.11786100E-02   0.14925500E-02   0.63536600E-03   0.88586100      -0.17955700      -0.32009700       0.28380700            1       1
      219   0.14153700E-02   0.11601100E-02   0.40778200E-03   0.88651100      -0.17953600      -0.31644500       0.28588100            1       1
