Volume: 9.637938503269739e-12
Density: 2500.0
Mass: 2.4094846258174348e-08
equvi_diameter: 0.000264035208459108
Inertia_tensor: 
 [[ 1.68838732e-16 -5.15617824e-21  2.39921711e-21]
 [-5.15617824e-21  1.68834793e-16 -4.59884979e-21]
 [ 2.39921711e-21 -4.59884979e-21  1.68843757e-16]]
Positions: 
0.0 2.812661e-05 4.550982e-05 8.560000000000001e-05
0.0 -2.812661e-05 4.550982e-05 8.560000000000001e-05
2.812661e-05 4.550982e-05 0.0 8.560000000000001e-05
-2.812661e-05 4.550982e-05 0.0 8.560000000000001e-05
4.550982e-05 0.0 2.812661e-05 8.560000000000001e-05
-4.550982e-05 0.0 2.812661e-05 8.560000000000001e-05
0.0 -2.812661e-05 -4.550982e-05 8.560000000000001e-05
0.0 2.812661e-05 -4.550982e-05 8.560000000000001e-05
-2.812661e-05 -4.550982e-05 0.0 8.560000000000001e-05
2.812661e-05 -4.550982e-05 0.0 8.560000000000001e-05
-4.550982e-05 0.0 -2.812661e-05 8.560000000000001e-05
4.550982e-05 0.0 -2.812661e-05 8.560000000000001e-05
0.0 0.0 0.0 5.35e-05
