        1   0.15394700E-03   0.10759900E-03   0.27193900E-03   0.88669800      -0.17942200      -0.31661100       0.28518800            1       1
        2   0.19465100E-03   0.99374400E-04   0.69564500E-04   0.88667200      -0.17960600      -0.31658200       0.28518600            1       1
        3   0.50931400E-04   0.24885700E-03   0.87216200E-04   0.88669500      -0.17963600      -0.31645200       0.28523900            1       1
        4   0.26863400E-03   0.27643800E-03   0.22497100E-03   0.88714200      -0.17933200      -0.31558900       0.28499800            1       1
        5   0.33125500E-03   0.25752000E-03   0.18569600E-04   0.88689900      -0.17962700      -0.31606000       0.28504600            1       1
        6   0.36821500E-03   0.10791700E-03   0.18269100E-03   0.88433400      -0.18425000      -0.32789500       0.27656700            1       1
        7   0.29218600E-03   0.20553300E-03   0.55146900E-03   0.88681200      -0.17942600      -0.31646100       0.28499600            1       1
        8   0.10815600E-03   0.16906900E-03   0.67455200E-03   0.88668300      -0.17955000      -0.31664600       0.28511600            1       1
        9   0.94410100E-04   0.67238200E-04   0.50166700E-03   0.88658000      -0.17948800      -0.31671900       0.28539500            1       1
       10   0.14692900E-03   0.24921700E-03   0.41885800E-03   0.88719500      -0.17794200      -0.31719000       0.28392400            1       1
       11   0.27059400E-04   0.49787800E-03   0.75981300E-04   0.88703900      -0.17996000      -0.31623700       0.28420300            1       1
       12   0.23860600E-03   0.57916800E-03   0.19673800E-03   0.88645300      -0.17988200      -0.31667400       0.28558800            1       1
       13   0.70655900E-04   0.68314000E-03   0.14434300E-03   0.88646900      -0.18060200      -0.31654600       0.28522500            1       1
       14   0.22295900E-03   0.41964800E-03   0.75198900E-04   0.88679900      -0.17972200      -0.31715200       0.28407900            1       1
       15   0.19834600E-03   0.43476400E-03   0.34052900E-03   0.88669700      -0.17959100      -0.31652500       0.28517900            1       1
       16   0.32384700E-03   0.59257700E-03   0.37887200E-03   0.88682700      -0.17947400      -0.31594300       0.28549600            1       1
       17   0.12618000E-03   0.44366700E-03   0.61498600E-03   0.88679700      -0.17982800      -0.31628000       0.28499000            1       1
       18   0.24523700E-03   0.62852000E-03   0.57857100E-03   0.88735700      -0.17803500      -0.31683300       0.28375600            1       1
       19   0.75076300E-04   0.63891000E-03   0.68409800E-03   0.88667200      -0.17962200      -0.31655100       0.28520800            1       1
       20   0.92487400E-04   0.60750900E-03   0.44887400E-03   0.88661500      -0.17966600      -0.31666100       0.28523500            1       1
       21   0.27175800E-03   0.74139300E-03   0.76031400E-03   0.88780300      -0.17478800      -0.31739500       0.28375200            1       1
       22   0.32910400E-03   0.41769100E-03   0.50399900E-03   0.88589000      -0.18045200      -0.31764500       0.28589700            1       1
       23   0.33495100E-03   0.50363400E-03   0.70842400E-03   0.88584800      -0.18170800      -0.31714100       0.28579200            1       1
       24   0.19279400E-03   0.10630800E-02   0.10021800E-03   0.88671700      -0.17938600      -0.31664900       0.28511000            1       1
       25   0.23721500E-03   0.98325800E-03   0.28782300E-03   0.88719500      -0.17974000      -0.31289700       0.28753000            1       1
       26   0.91558600E-04   0.84028400E-03   0.28645400E-03   0.88726000      -0.18075200      -0.31463500       0.28478700            1       1
       27   0.11110900E-03   0.87527700E-03   0.75959500E-04   0.88627400      -0.18021100      -0.31773900       0.28475500            1       1
       28   0.36102300E-03   0.11266300E-02   0.36256700E-03   0.88352400      -0.18205900      -0.32605900       0.28270900            1       1
       29   0.28549000E-03   0.77569000E-03   0.23988900E-03   0.88732500      -0.17835000      -0.31470000       0.28602300            1       1
       30   0.15208000E-03   0.97113100E-03   0.47945900E-03   0.88624900      -0.18002500      -0.31824800       0.28438000            1       1
       31   0.45342900E-04   0.82908600E-03   0.62825000E-03   0.88697600      -0.17972700      -0.31618900       0.28459800            1       1
       32   0.58291600E-04   0.10942600E-02   0.67434500E-03   0.88677000      -0.17944700      -0.31654300       0.28502500            1       1
       33   0.29311100E-03   0.11237400E-02   0.71289900E-03   0.88698000      -0.18046500      -0.31606700       0.28425500            1       1
       34   0.27111400E-03   0.81167700E-03   0.49979200E-03   0.88872600      -0.18112600      -0.31322200       0.28151800            1       1
       35   0.21160700E-03   0.93796100E-03   0.67275300E-03   0.88585900      -0.18110200      -0.31795400       0.28523700            1       1
       36   0.36139800E-03   0.10356300E-02   0.54527700E-03   0.88394800      -0.18561600      -0.31915800       0.28691600            1       1
       37   0.28628200E-03   0.12505800E-02   0.17775800E-03   0.88665600      -0.17956700      -0.31670300       0.28512500            1       1
       38   0.12466100E-03   0.14304500E-02   0.17240200E-03   0.88663000      -0.17959500      -0.31674000       0.28514700            1       1
       39   0.29015800E-03   0.14517500E-02   0.28513600E-03   0.88663500      -0.17954100      -0.31686700       0.28502300            1       1
       40   0.10326700E-03   0.12217300E-02   0.26138300E-03   0.88659900      -0.17966100      -0.31669700       0.28525100            1       1
       41   0.11595400E-03   0.13817600E-02   0.65082700E-03   0.88670900      -0.17953100      -0.31659200       0.28510500            1       1
       42   0.21492000E-03   0.12672600E-02   0.51182900E-03   0.88644400      -0.18017700      -0.31656800       0.28554900            1       1
       43   0.30866000E-03   0.13311200E-02   0.69451500E-03   0.88664800      -0.17948200      -0.31675200       0.28514900            1       1
       44   0.12395900E-03   0.13979600E-02   0.38808700E-03   0.88645300      -0.18049700      -0.31674700       0.28512000            1       1
       45   0.72587300E-03   0.24512800E-03   0.12685600E-03   0.88622900      -0.18068500      -0.31838800       0.28386600            1       1
       46   0.54185700E-03   0.25166000E-03   0.31956200E-03   0.88651200      -0.17961300      -0.31673000       0.28551100            1       1
       47   0.52357100E-03   0.22541500E-03   0.11482200E-03   0.88735700      -0.17311800      -0.30996800       0.29419000            1       1
       48   0.64919800E-03   0.96883000E-04   0.24950300E-03   0.88574200      -0.17966300      -0.31923600       0.28508000            1       1
       49   0.68894000E-03   0.30581500E-03   0.61401500E-03   0.88677200      -0.17922800      -0.31663000       0.28505900            1       1
       50   0.48395000E-03   0.17701500E-03   0.69071100E-03   0.88667700      -0.17965900      -0.31647000       0.28526000            1       1
       51   0.47824600E-03   0.26581900E-03   0.50885300E-03   0.88679800      -0.17933500      -0.31660900       0.28493400            1       1
       52   0.61545300E-03   0.34023200E-04   0.45459900E-03   0.88654600      -0.17953900      -0.31603800       0.28622100            1       1
       53   0.68182200E-03   0.13725500E-03   0.72524000E-03   0.88675200      -0.17945100      -0.31659500       0.28502100            1       1
       54   0.70512500E-03   0.21450600E-03   0.43442200E-03   0.88751600      -0.18006700      -0.31492900       0.28409700            1       1
       55   0.42397400E-03   0.10102700E-03   0.39750400E-03   0.88801800      -0.18338100      -0.31195200       0.28369400            1       1
       56   0.60638000E-03   0.58935200E-03   0.30886900E-03   0.88672700      -0.17826400      -0.31682200       0.28559100            1       1
       57   0.65468700E-03   0.63372400E-03   0.11441300E-03   0.88780300      -0.18338700      -0.31441700       0.28163300            1       1
       58   0.44205000E-03   0.41168700E-03   0.88637100E-04   0.88820600      -0.17728900      -0.31626700       0.28219500            1       1
       59   0.43890900E-03   0.60001000E-03   0.19657900E-03   0.88828700      -0.18278700      -0.31412100       0.28082700            1       1
       60   0.64696300E-03   0.43233200E-03   0.61071400E-04   0.88410500      -0.17819700      -0.32323800       0.28657000            1       1
       61   0.45848700E-03   0.76586700E-03   0.60711900E-04   0.88641300      -0.17935200      -0.31658900       0.28613900            1       1
       62   0.42892500E-03   0.42151200E-03   0.32380300E-03   0.88664600      -0.18081600      -0.31523100       0.28599700            1       1
       63   0.47038800E-03   0.73986800E-03   0.34170800E-03   0.88679000      -0.17913500      -0.31647300       0.28523600            1       1
       64   0.69366500E-03   0.39979200E-03   0.25302000E-03   0.88208600      -0.18609800      -0.32397100       0.28694200            1       1
       65   0.51160400E-03   0.39196700E-03   0.67703800E-03   0.88743100      -0.18482900      -0.30821400       0.28863200            1       1
       66   0.52518100E-03   0.60469600E-03   0.73691600E-03   0.88641500      -0.18220300      -0.31636300       0.28457800            1       1
       67   0.64820300E-03   0.65236800E-03   0.50198300E-03   0.88815300      -0.17059900      -0.32384700       0.27785400            1       1
       68   0.53285500E-03   0.48041000E-03   0.49541700E-03   0.88775100      -0.18058200      -0.31072600       0.28764300            1       1
       69   0.45539500E-03   0.66952600E-03   0.55515600E-03   0.88711700      -0.17901100      -0.31537500       0.28551100            1       1
       70   0.74179800E-03   0.46846000E-03   0.49824200E-03   0.88591800      -0.17909000      -0.31851100       0.28570500            1       1
       71   0.49196400E-03   0.95130400E-03   0.30552100E-03   0.88555100      -0.18004600      -0.31786900       0.28695300            1       1
       72   0.60690700E-03   0.97427600E-03   0.70128200E-04   0.88554700      -0.18084200      -0.31699000       0.28743700            1       1
       73   0.71733900E-03   0.10484800E-02   0.28765900E-03   0.88698000      -0.17982700      -0.31639200       0.28429800            1       1
       74   0.53203900E-03   0.11207200E-02   0.19868000E-03   0.88738100      -0.17864000      -0.31602600       0.28420300            1       1
       75   0.38636600E-03   0.10020100E-02   0.12723000E-03   0.88815700      -0.17728400      -0.31551300       0.28319500            1       1
       76   0.59575200E-03   0.81304100E-03   0.20021300E-03   0.88710700      -0.17812000      -0.31673900       0.28458800            1       1
       77   0.73668200E-03   0.82208200E-03   0.42379500E-04   0.88644700      -0.18079300      -0.31803000       0.28351900            1       1
       78   0.55173200E-03   0.10584900E-02   0.47100900E-03   0.88850100      -0.18290100      -0.31836500       0.27523900            1       1
       79   0.64506400E-03   0.99852300E-03   0.64431900E-03   0.88686300      -0.17900900      -0.31436000       0.28741500            1       1
       80   0.49695800E-03   0.11293400E-02   0.72043200E-03   0.88677800      -0.17925300      -0.31694100       0.28467900            1       1
       81   0.42892900E-03   0.93668700E-03   0.71012400E-03   0.88667300      -0.18021200      -0.31482100       0.28674500            1       1
       82   0.75164700E-03   0.11482700E-02   0.52663300E-03   0.88601900      -0.17939200      -0.31704900       0.28682400            1       1
       83   0.64241000E-03   0.83200500E-03   0.39647700E-03   0.88629400      -0.18179800      -0.31523000       0.28646500            1       1
       84   0.47221500E-03   0.86546700E-03   0.50041800E-03   0.88686400      -0.17454000      -0.31257700       0.29206800            1       1
       85   0.57698800E-03   0.79953000E-03   0.66620800E-03   0.88544200      -0.17963500      -0.31737500       0.28809200            1       1
       86   0.77046900E-03   0.95108700E-03   0.49410600E-03   0.88853000      -0.16783300      -0.31541100       0.28785900            1       1
       87   0.49731300E-03   0.15041600E-02   0.24930300E-03   0.88769300      -0.18465600      -0.31077000       0.28517600            1       1
       88   0.59076400E-03   0.12746200E-02   0.78502700E-04   0.88670600      -0.17940800      -0.31676600       0.28500000            1       1
       89   0.46065400E-03   0.13044100E-02   0.26274000E-03   0.88677400      -0.17939700      -0.31640400       0.28519800            1       1
       90   0.76409300E-03   0.15045700E-02   0.30946800E-04   0.88731900      -0.17928600      -0.31298500       0.28733600            1       1
       91   0.68624800E-03   0.14164800E-02   0.20039200E-03   0.88776700      -0.17763500      -0.31291300       0.28705500            1       1
       92   0.63791600E-03   0.12232500E-02   0.35008200E-03   0.88694500      -0.17806800      -0.31773900       0.28401200            1       1
       93   0.54160000E-03   0.13212400E-02   0.66709900E-03   0.88670800      -0.17954600      -0.31656900       0.28512500            1       1
       94   0.65737500E-03   0.14839300E-02   0.63990200E-03   0.88715500      -0.17949800      -0.31615800       0.28422100            1       1
       95   0.70962700E-03   0.13480300E-02   0.48928600E-03   0.88542000      -0.18105400      -0.31693700       0.28775300            1       1
       96   0.50423400E-03   0.14009400E-02   0.44247800E-03   0.88652700      -0.18143800      -0.31483600       0.28640600            1       1
       97   0.41943700E-03   0.12413900E-02   0.52899500E-03   0.88690600      -0.17976600      -0.31641800       0.28453900            1       1
       98   0.72823000E-03   0.11734400E-02   0.72463800E-03   0.88668600      -0.17950400      -0.31671700       0.28505600            1       1
       99   0.91976000E-03   0.11614500E-03   0.48537800E-04   0.88781500      -0.17920500      -0.31618600       0.28230600            1       1
      100   0.10628100E-02   0.83409200E-04   0.34060700E-03   0.88537300      -0.17253100      -0.32739400       0.28135500            1       1
      101   0.84710800E-03   0.92116400E-04   0.29703700E-03   0.88669900      -0.17955600      -0.31658100       0.28513300            1       1
      102   0.96033500E-03   0.25016200E-03   0.21980400E-03   0.88819500      -0.18031300      -0.31511900       0.28159700            1       1
      103   0.11052400E-02   0.10183200E-03   0.14075200E-03   0.88658800      -0.17103900      -0.33002200       0.27530500            1       1
      104   0.87819800E-03   0.38135100E-03   0.36574800E-03   0.88669500      -0.17958500      -0.31638900       0.28534200            1       1
      105   0.10305300E-02   0.29608000E-03   0.71565300E-03   0.88677900      -0.17976900      -0.31634900       0.28500800            1       1
      106   0.10777300E-02   0.10719300E-03   0.55979600E-03   0.88688700      -0.17686900      -0.31727100       0.28546000            1       1
      107   0.86018400E-03   0.10176600E-03   0.61651600E-03   0.88664800      -0.17956000      -0.31673900       0.28511400            1       1
      108   0.93190700E-03   0.19974200E-03   0.44692700E-03   0.88670500      -0.18032100      -0.31670700       0.28449300            1       1
      109   0.89911100E-03   0.35811400E-03   0.57074300E-03   0.88615600      -0.17873700      -0.31809200       0.28565400            1       1
      110   0.10940700E-02   0.31712000E-03   0.44692800E-03   0.88668200      -0.17969500      -0.31632700       0.28538100            1       1
      111   0.10683900E-02   0.61788500E-03   0.14924800E-03   0.88690100      -0.17998200      -0.31575300       0.28515500            1       1
      112   0.86942700E-03   0.43855400E-03   0.15872200E-03   0.88654700      -0.18167000      -0.31721500       0.28355900            1       1
      113   0.10539000E-02   0.50296000E-03   0.33262400E-03   0.88480700      -0.17885800      -0.32065200       0.28689500            1       1
      114   0.81518300E-03   0.56896700E-03   0.12207500E-05   0.88649400      -0.18403900      -0.31970400       0.27936900            1       1
      115   0.80644700E-03   0.57555600E-03   0.29836900E-03   0.88696700      -0.17865700      -0.31610500       0.28539300            1       1
      116   0.86204400E-03   0.69982100E-03   0.14683500E-03   0.88540000      -0.18233700      -0.31925700       0.28442100            1       1
      117   0.10745300E-02   0.39797300E-03   0.12866400E-03   0.88627600      -0.17704700      -0.31653700       0.28805200            1       1
      118   0.10031400E-02   0.71679700E-03   0.33003700E-03   0.88534100      -0.18772300      -0.30798900       0.29338400            1       1
      119   0.98045800E-03   0.50951000E-03   0.68007300E-03   0.88626200      -0.18068900      -0.31637600       0.28600300            1       1
      120   0.97185000E-03   0.70645200E-03   0.61797500E-03   0.88393000      -0.19434900      -0.31304500       0.28792200            1       1
      121   0.91563700E-03   0.56637400E-03   0.47455700E-03   0.88836800      -0.16861500      -0.32330900       0.27900400            1       1
      122   0.11183800E-02   0.59340200E-03   0.52820500E-03   0.88455900      -0.17858400      -0.32014600       0.28839100            1       1
      123   0.82058300E-03   0.74034500E-03   0.42241200E-03   0.88444800      -0.18856800      -0.31519500       0.28783000            1       1
      124   0.99033700E-03   0.92726100E-03   0.28578300E-03   0.88656400      -0.17855900      -0.31534300       0.28754100            1       1
      125   0.89718800E-03   0.94698000E-03   0.10691300E-03   0.88668900      -0.17927000      -0.31689300       0.28499600            1       1
      126   0.10229300E-02   0.79427200E-03   0.63506800E-04   0.88656700      -0.17960600      -0.31665300       0.28543100            1       1
      127   0.95111500E-03   0.11408300E-02   0.67878500E-04   0.89188300      -0.16874000      -0.30411200       0.28911600            1       1
      128   0.10408200E-02   0.11230600E-02   0.25568700E-03   0.88337600      -0.17658200      -0.32049200       0.29283200            1       1
      129   0.11282200E-02   0.98912300E-03   0.12860500E-03   0.88757500      -0.18241100      -0.31889400       0.27792700            1       1
      130   0.79899100E-03   0.86271000E-03   0.26180800E-03   0.88774500      -0.17789600      -0.31495700       0.28471700            1       1
      131   0.10992600E-02   0.10536500E-02   0.45947600E-03   0.88556900      -0.17898400      -0.31881300       0.28651400            1       1
      132   0.10313100E-02   0.90450600E-03   0.67018800E-03   0.88672600      -0.17944100      -0.31673000       0.28495700            1       1
      133   0.84583500E-03   0.98262200E-03   0.67820800E-03   0.88693700      -0.18031900      -0.31489800       0.28577300            1       1
      134   0.77547300E-03   0.77548500E-03   0.62204600E-03   0.88952700      -0.18093800      -0.31479400       0.27732200            1       1
      135   0.90563100E-03   0.10717600E-02   0.40890500E-03   0.88626600      -0.17940700      -0.31842300       0.28452100            1       1
      136   0.96829200E-03   0.86042500E-03   0.48521800E-03   0.88995900      -0.17326100      -0.31552400       0.27999700            1       1
      137   0.11125000E-02   0.10816300E-02   0.72053300E-03   0.88301300      -0.19007900      -0.32319100       0.28232100            1       1
      138   0.10072000E-02   0.13212100E-02   0.26625600E-03   0.88808600      -0.17939800      -0.31800000       0.27927700            1       1
      139   0.85079500E-03   0.13195700E-02   0.78568400E-04   0.88667600      -0.17956700      -0.31663700       0.28513500            1       1
      140   0.10684400E-02   0.14692800E-02   0.37753300E-04   0.88644100      -0.18085400      -0.31593300       0.28583300            1       1
      141   0.92712100E-03   0.14837500E-02   0.17937600E-03   0.88548400      -0.18177400      -0.31447900       0.28979100            1       1
      142   0.11515500E-02   0.14553100E-02   0.23092800E-03   0.88745100      -0.17881700      -0.31562100       0.28432300            1       1
      143   0.84137800E-03   0.12018900E-02   0.25088600E-03   0.88722500      -0.17720500      -0.31700500       0.28449600            1       1
      144   0.10200500E-02   0.12520600E-02   0.47653900E-03   0.88666900      -0.17964600      -0.31655600       0.28519800            1       1
      145   0.83732100E-03   0.13437100E-02   0.65590900E-03   0.88669100      -0.17932800      -0.31664200       0.28523200            1       1
      146   0.10577200E-02   0.13235700E-02   0.67658500E-03   0.88657300      -0.17908500      -0.31778000       0.28448600            1       1
      147   0.89956600E-03   0.14736900E-02   0.48481600E-03   0.88674000      -0.17945700      -0.31657900       0.28507100            1       1
      148   0.10865700E-02   0.14411700E-02   0.42001800E-03   0.88651100      -0.17809800      -0.31898800       0.28394600            1       1
      149   0.93217400E-03   0.11599100E-02   0.63587100E-03   0.88634500      -0.18058900      -0.31683400       0.28530100            1       1
      150   0.14485900E-02   0.12844700E-03   0.15961900E-03   0.88659500      -0.17963300      -0.31678600       0.28518100            1       1
      151   0.12791200E-02   0.22168400E-03   0.10619700E-03   0.88658200      -0.17958300      -0.31689700       0.28513000            1       1
      152   0.13601300E-02   0.26128200E-03   0.29144400E-03   0.88655600      -0.17965100      -0.31675900       0.28532100            1       1
      153   0.12679200E-02   0.79846600E-04   0.27057500E-03   0.88662200      -0.17961600      -0.31671800       0.28518300            1       1
      154   0.11614000E-02   0.25259000E-03   0.26969100E-03   0.88615800      -0.18025700      -0.31650400       0.28645700            1       1
      155   0.14202700E-02   0.16655500E-03   0.68573800E-03   0.88668200      -0.17954700      -0.31665300       0.28511200            1       1
      156   0.12577000E-02   0.18626200E-03   0.50097400E-03   0.88666500      -0.17957600      -0.31665500       0.28514200            1       1
      157   0.15026300E-02   0.23043400E-03   0.49730200E-03   0.88651300      -0.18028100      -0.31678500       0.28502900            1       1
      158   0.12242800E-02   0.25219000E-03   0.68983900E-03   0.88642700      -0.17959000      -0.31729800       0.28515900            1       1
      159   0.13754400E-02   0.36228600E-03   0.60945200E-03   0.88688300      -0.18017800      -0.31588600       0.28493900            1       1
      160   0.13824900E-02   0.58920500E-03   0.12425300E-03   0.88924600      -0.17587500      -0.31638500       0.27965900            1       1
      161   0.12423100E-02   0.44935400E-03   0.23722800E-03   0.88688000      -0.17890900      -0.31608500       0.28552500            1       1
      162   0.13451300E-02   0.60065600E-03   0.33734700E-03   0.88817000      -0.18127100      -0.31234100       0.28414400            1       1
      163   0.12092000E-02   0.73151300E-03   0.24621800E-03   0.88464200      -0.18912300      -0.31655200       0.28536800            1       1
      164   0.13188900E-02   0.41397900E-03   0.51144800E-04   0.88576000      -0.17837300      -0.31867600       0.28645900            1       1
      165   0.15324500E-02   0.54125000E-03   0.28212500E-03   0.88613700      -0.17838300      -0.32020600       0.28356500            1       1
      166   0.13025800E-02   0.54902500E-03   0.67941800E-03   0.88674900      -0.17964800      -0.31641500       0.28510400            1       1
      167   0.14661100E-02   0.55750000E-03   0.55237500E-03   0.88673900      -0.17791500      -0.31684100       0.28574700            1       1
      168   0.14507400E-02   0.40353300E-03   0.40236500E-03   0.88645600      -0.18119700      -0.31649100       0.28495200            1       1
      169   0.14823400E-02   0.73718600E-03   0.39550900E-03   0.88708400      -0.16760000      -0.32289000       0.28413700            1       1
      170   0.12574100E-02   0.46470800E-03   0.45907800E-03   0.88710900      -0.17875500      -0.31644800       0.28450800            1       1
      171   0.13020900E-02   0.67602400E-03   0.52468100E-03   0.88630200      -0.17831300      -0.31558600       0.28823400            1       1
      172   0.13134200E-02   0.10434100E-02   0.19570100E-03   0.88836900      -0.17812000      -0.31421700       0.28344500            1       1
      173   0.14445600E-02   0.91486400E-03   0.29978000E-03   0.88645300      -0.17821600      -0.31772700       0.28546300            1       1
      174   0.12507800E-02   0.84261100E-03   0.69173800E-04   0.88738900      -0.17238400      -0.31511300       0.28901100            1       1
      175   0.14977100E-02   0.10157200E-02   0.11452000E-03   0.88711200      -0.18048400      -0.31597200       0.28393400            1       1
      176   0.14362100E-02   0.78813500E-03   0.14002100E-03   0.88718400      -0.17767800      -0.31663400       0.28474300            1       1
      177   0.13010700E-02   0.11469900E-02   0.37424400E-03   0.88616700      -0.17965000      -0.31974000       0.28319700            1       1
      178   0.13702700E-02   0.10914500E-02   0.62789600E-03   0.88663500      -0.17842800      -0.31696000       0.28562000            1       1
      179   0.14193800E-02   0.90096100E-03   0.74047000E-03   0.88624800      -0.17854700      -0.31925500       0.28418500            1       1
      180   0.12187500E-02   0.93231700E-03   0.59256600E-03   0.88710300      -0.17781900      -0.31676400       0.28476200            1       1
      181   0.14832800E-02   0.10271300E-02   0.46255400E-03   0.88656000      -0.18626200      -0.31328700       0.28490200            1       1
      182   0.13962500E-02   0.85383600E-03   0.53635300E-03   0.88748500      -0.17552700      -0.31736100       0.28432800            1       1
      183   0.12655400E-02   0.95136700E-03   0.39671400E-03   0.88717400      -0.17809800      -0.31605600       0.28515100            1       1
      184   0.11569300E-02   0.78864700E-03   0.44540000E-03   0.88535400      -0.17943300      -0.31939700       0.28624800            1       1
      185   0.14333800E-02   0.13852500E-02   0.67726500E-04   0.88666400      -0.17870000      -0.31664800       0.28570500            1       1
      186   0.12542000E-02   0.13418900E-02   0.37113300E-03   0.88746600      -0.17862300      -0.31533400       0.28471600            1       1
      187   0.14781300E-02   0.14681000E-02   0.24647800E-03   0.88714000      -0.17862100      -0.31574500       0.28527600            1       1
      188   0.14728200E-02   0.12838300E-02   0.35022500E-03   0.88667200      -0.18026800      -0.31656000       0.28479100            1       1
      189   0.13315800E-02   0.12692100E-02   0.19907400E-03   0.88666400      -0.17948200      -0.31667700       0.28518300            1       1
      190   0.11561500E-02   0.12011000E-02   0.10627000E-03   0.88927900      -0.17660200      -0.31484000       0.28084000            1       1
      191   0.13801500E-02   0.13257500E-02   0.53271300E-03   0.88672200      -0.17955400      -0.31655200       0.28509500            1       1
      192   0.14721700E-02   0.12481300E-02   0.70029400E-03   0.88660500      -0.17968000      -0.31667100       0.28524900            1       1
      193   0.12717100E-02   0.13271500E-02   0.70258500E-03   0.88648900      -0.17969300      -0.31672000       0.28554700            1       1
      194   0.13812400E-02   0.15025400E-02   0.68924100E-03   0.88670800      -0.17943300      -0.31679900       0.28494000            1       1
      195   0.11977400E-02   0.11934100E-02   0.56928300E-03   0.88688400      -0.17981800      -0.31610500       0.28492000            1       1
      196   0.13620400E-02   0.15106500E-02   0.41287000E-03   0.88718100      -0.17917600      -0.31565900       0.28489600            1       1
      197   0.11830900E-02   0.14800100E-02   0.59999300E-03   0.88581900      -0.17959100      -0.32018100       0.28382500            1       1
