       1   0.000000e+00   0.000000e+00   6.000000e-05
       1   3.000000e-05   0.000000e+00   5.196152e-05
       1   2.598076e-05   1.500000e-05   5.196152e-05
       1   1.500000e-05   2.598076e-05   5.196152e-05
       1   0.000000e+00   3.000000e-05   5.196152e-05
       1  -1.500000e-05   2.598076e-05   5.196152e-05
       1  -2.598076e-05   1.500000e-05   5.196152e-05
       1  -3.000000e-05   0.000000e+00   5.196152e-05
       1  -2.598076e-05  -1.500000e-05   5.196152e-05
       1  -1.500000e-05  -2.598076e-05   5.196152e-05
       1   0.000000e+00  -3.000000e-05   5.196152e-05
       1   1.500000e-05  -2.598076e-05   5.196152e-05
       1   2.598076e-05  -1.500000e-05   5.196152e-05
       1   5.196152e-05   0.000000e+00   3.000000e-05
       1   4.500000e-05   2.598076e-05   3.000000e-05
       1   2.598076e-05   4.500000e-05   3.000000e-05
       1   0.000000e+00   5.196152e-05   3.000000e-05
       1  -2.598076e-05   4.500000e-05   3.000000e-05
       1  -4.500000e-05   2.598076e-05   3.000000e-05
       1  -5.196152e-05   0.000000e+00   3.000000e-05
       1  -4.500000e-05  -2.598076e-05   3.000000e-05
       1  -2.598076e-05  -4.500000e-05   3.000000e-05
       1   0.000000e+00  -5.196152e-05   3.000000e-05
       1   2.598076e-05  -4.500000e-05   3.000000e-05
       1   4.500000e-05  -2.598076e-05   3.000000e-05
       1   6.000000e-05   0.000000e+00   0.000000e+00
       1   5.196152e-05   3.000000e-05   0.000000e+00
       1   3.000000e-05   5.196152e-05   0.000000e+00
       1   0.000000e+00   6.000000e-05   0.000000e+00
       1  -3.000000e-05   5.196152e-05   0.000000e+00
       1  -5.196152e-05   3.000000e-05   0.000000e+00
       1  -6.000000e-05   0.000000e+00   0.000000e+00
       1  -5.196152e-05  -3.000000e-05   0.000000e+00
       1  -3.000000e-05  -5.196152e-05   0.000000e+00
       1   0.000000e+00  -6.000000e-05   0.000000e+00
       1   3.000000e-05  -5.196152e-05   0.000000e+00
       1   5.196152e-05  -3.000000e-05   0.000000e+00
       1   5.196152e-05   0.000000e+00  -3.000000e-05
       1   4.500000e-05   2.598076e-05  -3.000000e-05
       1   2.598076e-05   4.500000e-05  -3.000000e-05
       1   0.000000e+00   5.196152e-05  -3.000000e-05
       1  -2.598076e-05   4.500000e-05  -3.000000e-05
       1  -4.500000e-05   2.598076e-05  -3.000000e-05
       1  -5.196152e-05   0.000000e+00  -3.000000e-05
       1  -4.500000e-05  -2.598076e-05  -3.000000e-05
       1  -2.598076e-05  -4.500000e-05  -3.000000e-05
       1   0.000000e+00  -5.196152e-05  -3.000000e-05
       1   2.598076e-05  -4.500000e-05  -3.000000e-05
       1   4.500000e-05  -2.598076e-05  -3.000000e-05
       1   3.000000e-05   0.000000e+00  -5.196152e-05
       1   2.598076e-05   1.500000e-05  -5.196152e-05
       1   1.500000e-05   2.598076e-05  -5.196152e-05
       1   0.000000e+00   3.000000e-05  -5.196152e-05
       1  -1.500000e-05   2.598076e-05  -5.196152e-05
       1  -2.598076e-05   1.500000e-05  -5.196152e-05
       1  -3.000000e-05   0.000000e+00  -5.196152e-05
       1  -2.598076e-05  -1.500000e-05  -5.196152e-05
       1  -1.500000e-05  -2.598076e-05  -5.196152e-05
       1   0.000000e+00  -3.000000e-05  -5.196152e-05
       1   1.500000e-05  -2.598076e-05  -5.196152e-05
       1   2.598076e-05  -1.500000e-05  -5.196152e-05
       1   0.000000e+00   0.000000e+00  -6.000000e-05
       2   0.000000e+00   0.000000e+00   0.000000e+00