        1   0.14515100E-03   0.10027500E-03   0.27877800E-03   0.97906100       0.25629300E-01   0.19431100       0.55001800E-01        1       1
        2   0.18784100E-03   0.95449300E-04   0.70419300E-04   0.97886500       0.26786700E-01   0.19519900       0.54806500E-01        1       1
        3   0.51547300E-04   0.25462900E-03   0.84567700E-04   0.97886300       0.26774600E-01   0.19521300       0.54788200E-01        1       1
        4   0.27176600E-03   0.26929100E-03   0.25690200E-03   0.97927600       0.22969900E-01   0.19604100       0.45380300E-01        1       1
        5   0.32604700E-03   0.25848100E-03   0.16712200E-04   0.97901400       0.31454400E-01   0.19058100       0.64971300E-01        1       1
        6   0.29938900E-03   0.20740000E-03   0.54937800E-03   0.97906100       0.24139400E-01   0.19403600       0.56636400E-01        1       1
        7   0.10051500E-03   0.17945200E-03   0.67049000E-03   0.97886700       0.26838300E-01   0.19516200       0.54872100E-01        1       1
        8   0.86497500E-04   0.70657900E-04   0.49032300E-03   0.97897900       0.28277400E-01   0.19416000       0.55691300E-01        1       1
        9   0.14981900E-03   0.25109800E-03   0.41683900E-03   0.97957700       0.36370400E-01   0.18928000       0.57272100E-01        1       1
       10   0.11379700E-04   0.48789000E-03   0.58432000E-04   0.97884700       0.31638300E-01   0.19540800       0.51712900E-01        1       1
       11   0.22848800E-03   0.60010700E-03   0.19919600E-03   0.97960300       0.22553800E-01   0.19295300       0.51363300E-01        1       1
       12   0.52872000E-05   0.52794500E-03   0.27830900E-03   0.98107200       0.30195500E-01   0.18229800       0.57905000E-01        1       1
       13   0.20459400E-03   0.40982600E-03   0.12841100E-03   0.97904500       0.22652700E-01   0.19457700       0.55655800E-01        1       1
       14   0.19739000E-03   0.44345500E-03   0.33997300E-03   0.97885800       0.26813800E-01   0.19522600       0.54814900E-01        1       1
       15   0.50621500E-04   0.68617100E-03   0.12684600E-03   0.97961100       0.24727200E-01   0.19249400       0.51928300E-01        1       1
       16   0.32778700E-03   0.59130500E-03   0.37975700E-03   0.97850400       0.25227200E-01   0.19733000       0.54355500E-01        1       1
       17   0.12447500E-03   0.44017600E-03   0.61796700E-03   0.97886600       0.26752000E-01   0.19521400       0.54747400E-01        1       1
       18   0.24418200E-03   0.62889000E-03   0.57033700E-03   0.97939600       0.32209600E-01   0.18954500       0.61799400E-01        1       1
       19   0.72448000E-04   0.64203600E-03   0.68643500E-03   0.97887100       0.26775700E-01   0.19516300       0.54817600E-01        1       1
       20   0.92437200E-04   0.61837500E-03   0.43781700E-03   0.97886700       0.26796000E-01   0.19517800       0.54826500E-01        1       1
       21   0.26192200E-03   0.74699500E-03   0.75405000E-03   0.97991200       0.41287200E-01   0.18358400       0.66061100E-01        1       1
       22   0.31106300E-03   0.41856900E-03   0.50449900E-03   0.97899900       0.26191700E-01   0.19362700       0.58161300E-01        1       1
       23   0.31671300E-03   0.48816200E-03   0.69286400E-03   0.97808600       0.30151600E-01   0.19832900       0.55712600E-01        1       1
       24   0.18016400E-03   0.10733500E-02   0.11230600E-03   0.97886100       0.26890500E-01   0.19517500       0.54909800E-01        1       1
       25   0.22201800E-03   0.98532700E-03   0.30035800E-03   0.97977700       0.27550600E-01   0.18998100       0.56447100E-01        1       1
       26   0.85158800E-04   0.83610500E-03   0.27616900E-03   0.98159500       0.28847900E-01   0.18456900       0.39653100E-01        1       1
       27   0.11776000E-03   0.86860900E-03   0.73850600E-04   0.98002600       0.24932500E-01   0.19121800       0.48614200E-01        1       1
       28   0.34154400E-03   0.11540100E-02   0.34911900E-03   0.98377500       0.36641500E-01   0.16360300       0.63855300E-01        1       1
       29   0.31412700E-03   0.80677800E-03   0.22015900E-03   0.98080600       0.21774600E-01   0.18852200       0.44772400E-01        1       1
       30   0.15565300E-03   0.10038800E-02   0.49823500E-03   0.97906900       0.30592300E-01   0.19379100       0.54162100E-01        1       1
       31   0.36838300E-04   0.83226100E-03   0.63150300E-03   0.97979900       0.29345700E-01   0.19072100       0.52512200E-01        1       1
       32   0.69887000E-04   0.10812400E-02   0.67607900E-03   0.97886700       0.26836000E-01   0.19516400       0.54869000E-01        1       1
       33   0.29422200E-03   0.11177200E-02   0.69983900E-03   0.97884100       0.29513700E-01   0.19834300       0.40723400E-01        1       1
       34   0.27435400E-03   0.82108300E-03   0.51737500E-03   0.97183200       0.34793900E-01   0.22143300       0.72799300E-01        1       1
       35   0.21223300E-03   0.93218100E-03   0.68498600E-03   0.98302900       0.25521000E-01   0.17234300       0.57450500E-01        1       1
       36   0.36013900E-03   0.10267200E-02   0.51390500E-03   0.98402700       0.15923300E-01   0.17366500       0.35750100E-01        1       1
       37   0.28551200E-03   0.12508800E-02   0.17579000E-03   0.97886800       0.26824000E-01   0.19516400       0.54858500E-01        1       1
       38   0.11705800E-03   0.14300500E-02   0.16954400E-03   0.97887800       0.26801400E-01   0.19511300       0.54868100E-01        1       1
       39   0.28371900E-03   0.14542800E-02   0.28095200E-03   0.97895400       0.26458300E-01   0.19503400       0.53943100E-01        1       1
       40   0.10386900E-03   0.12209400E-02   0.25956100E-03   0.97887400       0.26772000E-01   0.19515600       0.54803800E-01        1       1
       41   0.11856800E-03   0.13809100E-02   0.65135000E-03   0.97887100       0.26817700E-01   0.19514900       0.54861900E-01        1       1
       42   0.21096800E-03   0.12659400E-02   0.51165100E-03   0.97928200       0.26076400E-01   0.19353000       0.53607100E-01        1       1
       43   0.30394600E-03   0.13197500E-02   0.69640200E-03   0.97896800       0.27253800E-01   0.19497000       0.53533100E-01        1       1
       44   0.11035100E-03   0.13982500E-02   0.39395400E-03   0.97961300       0.18826500E-01   0.19210700       0.55666700E-01        1       1
       45   0.74417600E-03   0.24963000E-03   0.11252500E-03   0.97771200       0.11543300E-01   0.19659600       0.72771000E-01        1       1
       46   0.52332800E-03   0.26436700E-03   0.31188700E-03   0.97888200       0.26741000E-01   0.19511700       0.54814200E-01        1       1
       47   0.53754900E-03   0.24583500E-03   0.11290600E-03   0.97856000       0.17365300E-01   0.19396900       0.67048400E-01        1       1
       48   0.63600100E-03   0.10034500E-03   0.22812000E-03   0.97447900       0.31516400E-01   0.21007700       0.72562600E-01        1       1
       49   0.39737400E-03   0.10070400E-03   0.16400100E-03   0.98226300       0.38173700E-01   0.17735200       0.47419300E-01        1       1
       50   0.70685400E-03   0.31101800E-03   0.61415300E-03   0.97917800       0.24696000E-01   0.19411500       0.54043600E-01        1       1
       51   0.48938600E-03   0.18653900E-03   0.70150400E-03   0.97887400       0.26752200E-01   0.19516000       0.54799300E-01        1       1
       52   0.49000500E-03   0.26122000E-03   0.51555500E-03   0.97885600       0.27744900E-01   0.19496900       0.55302200E-01        1       1
       53   0.60281100E-03   0.34289400E-04   0.44973700E-03   0.97875400       0.24165100E-01   0.19579600       0.55861000E-01        1       1
       54   0.68389600E-03   0.14346000E-03   0.72431500E-03   0.97888200       0.26846600E-01   0.19506900       0.54932100E-01        1       1
       55   0.69583700E-03   0.22512300E-03   0.43013300E-03   0.98127300       0.26738700E-01   0.18144600       0.58866100E-01        1       1
       56   0.42039900E-03   0.10288200E-03   0.39542700E-03   0.97807200       0.12722600E-01   0.20069700       0.54163100E-01        1       1
       57   0.59898200E-03   0.56604400E-03   0.32207400E-03   0.97854100       0.44807700E-01   0.18442400       0.80229200E-01        1       1
       58   0.67601700E-03   0.64005000E-03   0.13079600E-03   0.97868700       0.15740500E-01   0.19452000       0.63920400E-01        1       1
       59   0.43402700E-03   0.41838100E-03   0.82939300E-04   0.97845700       0.33137700E-01   0.19554400       0.57327500E-01        1       1
       60   0.45109600E-03   0.61714800E-03   0.17488500E-03   0.97791300       0.28927700E-01   0.19779500       0.61046200E-01        1       1
       61   0.63364500E-03   0.45008900E-03   0.74284000E-04   0.98263600       0.39849900E-01   0.17368100       0.51709500E-01        1       1
       62   0.68282200E-03   0.39429500E-03   0.26163800E-03   0.98227700       0.23332400E-01   0.17175000       0.71344600E-01        1       1
       63   0.40830000E-03   0.42622900E-03   0.28802300E-03   0.97841800       0.23791800E-01   0.19976900       0.47166200E-01        1       1
       64   0.47655900E-03   0.73024600E-03   0.35768900E-03   0.97954700       0.36251700E-01   0.18881900       0.59345600E-01        1       1
       65   0.52947100E-03   0.39871500E-03   0.67301500E-03   0.97470100       0.86831100E-02   0.21884500       0.44613900E-01        1       1
       66   0.51447400E-03   0.60324400E-03   0.74156200E-03   0.97984700       0.24574700E-01   0.19307000       0.44940800E-01        1       1
       67   0.64143700E-03   0.66730000E-03   0.51456900E-03   0.98626300       0.64418200E-01   0.14452500       0.47406600E-01        1       1
       68   0.51276500E-03   0.47161400E-03   0.48093600E-03   0.96721800       0.17913700E-01   0.24536400       0.62972000E-01        1       1
       69   0.44169500E-03   0.65582300E-03   0.55203500E-03   0.97526500       0.18317800E-01   0.20344100       0.84462900E-01        1       1
       70   0.73675400E-03   0.48560400E-03   0.50757400E-03   0.98072500       0.33357800E-01   0.18965300       0.33115700E-01        1       1
       71   0.48072100E-03   0.93583400E-03   0.30785900E-03   0.97839300       0.19425200E-01   0.19852100       0.54404100E-01        1       1
       72   0.59439700E-03   0.97882600E-03   0.80950600E-04   0.98002500       0.31494100E-01   0.18558200       0.64178000E-01        1       1
       73   0.70200100E-03   0.10339600E-02   0.30260900E-03   0.97873900       0.27883100E-01   0.19459200       0.58539000E-01        1       1
       74   0.52759200E-03   0.11119700E-02   0.21684900E-03   0.97913100       0.27591500E-01   0.19370200       0.54961300E-01        1       1
       75   0.38969900E-03   0.99301700E-03   0.11422500E-03   0.97671000       0.29750900E-01   0.20503000       0.55821200E-01        1       1
       76   0.58961800E-03   0.81278200E-03   0.19283800E-03   0.98026900       0.18839100E-01   0.18980500       0.51873800E-01        1       1
       77   0.74033900E-03   0.83061500E-03   0.50959700E-04   0.97869900       0.26860700E-01   0.19383500       0.62080500E-01        1       1
       78   0.44188100E-03   0.78475900E-03   0.60463900E-04   0.97978400       0.26614500E-01   0.18609600       0.68434600E-01        1       1
       79   0.55749200E-03   0.10698200E-02   0.46817900E-03   0.97823500       0.26881800E-01   0.20113900       0.43334000E-01        1       1
       80   0.63307300E-03   0.97890500E-03   0.63582200E-03   0.98019200       0.16178500E-01   0.19085600       0.50366200E-01        1       1
       81   0.50189600E-03   0.11191900E-02   0.72229300E-03   0.97878400       0.24282800E-01   0.19472100       0.58959000E-01        1       1
       82   0.41400200E-03   0.93081100E-03   0.69965000E-03   0.97608300       0.32718600E-01   0.20318100       0.70064600E-01        1       1
       83   0.74428000E-03   0.11476900E-02   0.51119100E-03   0.97846700       0.30889200E-01   0.19633000       0.55705700E-01        1       1
       84   0.64450500E-03   0.83841900E-03   0.39358200E-03   0.97759100       0.22015200E-01   0.20175200       0.55917000E-01        1       1
       85   0.47156500E-03   0.85834500E-03   0.52186600E-03   0.98380800       0.34248200E-02   0.17350100       0.44810600E-01        1       1
       86   0.57813600E-03   0.79154500E-03   0.69086700E-03   0.97595300       0.29758300E-01   0.20592200       0.65012100E-01        1       1
       87   0.49495900E-03   0.14955000E-02   0.27349800E-03   0.97694100       0.17495900E-01   0.20852100       0.42417900E-01        1       1
       88   0.57226100E-03   0.12751100E-02   0.75416900E-04   0.97876100       0.18552500E-01   0.19583900       0.57708000E-01        1       1
       89   0.46011800E-03   0.12961900E-02   0.26360900E-03   0.97931300       0.27841200E-01   0.19353500       0.52101600E-01        1       1
       90   0.64811500E-03   0.12403500E-02   0.34588600E-03   0.97996100       0.28010200E-01   0.19042700       0.51278100E-01        1       1
       91   0.68369700E-03   0.14230000E-02   0.20148400E-03   0.96771300       0.34092800E-01   0.24021700       0.68303600E-01        1       1
       92   0.76208000E-03   0.14969700E-02   0.29844200E-04   0.97572700       0.25040200E-01   0.21045300       0.55126400E-01        1       1
       93   0.52255900E-03   0.13453300E-02   0.66921100E-03   0.97887700       0.26830000E-01   0.19510900       0.54895500E-01        1       1
       94   0.66742000E-03   0.14958800E-02   0.62563400E-03   0.97949600       0.24369600E-01   0.19096200       0.59395100E-01        1       1
       95   0.72271400E-03   0.13539900E-02   0.49456300E-03   0.97867600       0.35840200E-01   0.19304500       0.60348800E-01        1       1
       96   0.51731500E-03   0.13691300E-02   0.45247400E-03   0.97938300       0.32218800E-01   0.19262700       0.51632000E-01        1       1
       97   0.40954000E-03   0.12202800E-02   0.53161100E-03   0.97888000       0.26814700E-01   0.19509500       0.54890300E-01        1       1
       98   0.72899900E-03   0.11825300E-02   0.70816800E-03   0.97889500       0.26837300E-01   0.19499400       0.54965900E-01        1       1
       99   0.90335000E-03   0.13528000E-03   0.45665400E-04   0.97857300       0.35147300E-01   0.19801100       0.44174000E-01        1       1
      100   0.10712600E-02   0.88427600E-04   0.34607500E-03   0.98182500       0.26429700E-02   0.18215200       0.53220800E-01        1       1
      101   0.83757000E-03   0.58694400E-04   0.32508900E-03   0.97887900       0.26732600E-01   0.19513600       0.54796300E-01        1       1
      102   0.94732700E-03   0.25325400E-03   0.21342400E-03   0.97866800       0.11430300E-01   0.19993400       0.45878900E-01        1       1
      103   0.10768100E-02   0.91467800E-04   0.14613600E-03   0.98076600       0.50819800E-01   0.17856500       0.60252300E-01        1       1
      104   0.10919100E-02   0.38384200E-03   0.12610800E-03   0.97866200       0.31292000E-01   0.19405500       0.59865300E-01        1       1
      105   0.10262800E-02   0.26436700E-03   0.72475000E-03   0.97842800       0.31302000E-01   0.19671700       0.54779100E-01        1       1
      106   0.10989500E-02   0.10590900E-03   0.57485500E-03   0.97837300       0.35874600E-01   0.19796600       0.48054000E-01        1       1
      107   0.86454400E-03   0.97631400E-04   0.60495800E-03   0.97886000       0.26835000E-01   0.19520600       0.54848100E-01        1       1
      108   0.93749900E-03   0.21756100E-03   0.42690700E-03   0.97826800       0.35215800E-01   0.19859600       0.48067700E-01        1       1
      109   0.89443700E-03   0.36324000E-03   0.56843300E-03   0.97931200       0.28703600E-01   0.19134100       0.59266500E-01        1       1
      110   0.11080700E-02   0.32173700E-03   0.46923200E-03   0.97887200       0.26563700E-01   0.19524400       0.54628300E-01        1       1
      111   0.10665300E-02   0.59435800E-03   0.13037300E-03   0.97888300       0.26733200E-01   0.19511100       0.54810700E-01        1       1
      112   0.86786100E-03   0.42954800E-03   0.14797700E-03   0.97811900       0.18578700E-01   0.19757400       0.62472700E-01        1       1
      113   0.10636100E-02   0.48747100E-03   0.33029400E-03   0.97949300       0.77476500E-01   0.17198900       0.70788200E-01        1       1
      114   0.87113200E-03   0.39965300E-03   0.35206100E-03   0.98008500       0.25599600E-01   0.19327700       0.37708200E-01        1       1
      115   0.80873800E-03   0.58360400E-03   0.28292500E-03   0.97867400       0.34250600E-01   0.19455600       0.56328500E-01        1       1
      116   0.87624600E-03   0.70930300E-03   0.14205000E-03   0.97888800       0.28980700E-01   0.19457500       0.55494500E-01        1       1
      117   0.10008900E-02   0.71551500E-03   0.33464000E-03   0.97718300      -0.55978400E-02   0.19741800       0.78157800E-01        1       1
      118   0.99690200E-03   0.51079400E-03   0.67730500E-03   0.97877000       0.28138200E-01   0.19589200       0.53325800E-01        1       1
      119   0.97004300E-03   0.69968500E-03   0.60800400E-03   0.97372200       0.22497800E-01   0.21675300       0.66164400E-01        1       1
      120   0.92972800E-03   0.54987000E-03   0.47080000E-03   0.97666100       0.21786200E-01   0.20922000       0.43419400E-01        1       1
      121   0.11203300E-02   0.58077600E-03   0.53264500E-03   0.97786600       0.41999000E-01   0.18737800       0.83084800E-01        1       1
      122   0.81643500E-03   0.73085300E-03   0.42613600E-03   0.97656700       0.26272100E-01   0.19459300       0.88092600E-01        1       1
      123   0.81903100E-03   0.57753100E-03   0.76702000E-03   0.97719700       0.23771500E-01   0.20102100       0.64126800E-01        1       1
      124   0.99465400E-03   0.91861100E-03   0.28597200E-03   0.97828300       0.28507500E-01   0.19830800       0.53135000E-01        1       1
      125   0.89525100E-03   0.95276800E-03   0.10758100E-03   0.97887900       0.26830300E-01   0.19509200       0.54905000E-01        1       1
      126   0.10581100E-02   0.79639800E-03   0.95724900E-04   0.97900200       0.29831600E-01   0.19480900       0.52096300E-01        1       1
      127   0.95744400E-03   0.11449600E-02   0.58659100E-04   0.97685800       0.33590700E-01   0.20335000       0.57182700E-01        1       1
      128   0.10696100E-02   0.11189700E-02   0.27271900E-03   0.98437300       0.24939700E-01   0.17073800       0.35158000E-01        1       1
      129   0.11334600E-02   0.97446800E-03   0.14696000E-03   0.97731600       0.29721500E-01   0.19980100       0.63635700E-01        1       1
      130   0.78435100E-03   0.85458300E-03   0.24468700E-03   0.98044200       0.29131000E-01   0.18614100       0.56881300E-01        1       1
      131   0.10692000E-02   0.10595200E-02   0.51457200E-03   0.97828700       0.31118500E-01   0.19826000       0.51770300E-01        1       1
      132   0.10383800E-02   0.90084900E-03   0.67605000E-03   0.97880300       0.26534200E-01   0.19583900       0.53728400E-01        1       1
      133   0.83280300E-03   0.99094900E-03   0.68748300E-03   0.97914300       0.20568100E-01   0.19234000       0.62144700E-01        1       1
      134   0.78073500E-03   0.94417400E-03   0.49959200E-03   0.97897300       0.28191800E-01   0.19547900       0.51047200E-01        1       1
      135   0.90930300E-03   0.10755600E-02   0.39517700E-03   0.97952900       0.22285500E-01   0.18451600       0.77327700E-01        1       1
      136   0.96772700E-03   0.87224700E-03   0.48343900E-03   0.98091700       0.28451100E-01   0.17338300       0.83256600E-01        1       1
      137   0.11227200E-02   0.10835700E-02   0.70855400E-03   0.98244500       0.93007500E-03   0.17238500       0.71308600E-01        1       1
      138   0.77958900E-03   0.77904600E-03   0.61751000E-03   0.97681500       0.21143800E-01   0.21175900       0.23309400E-01        1       1
      139   0.93534800E-03   0.11534500E-02   0.63125000E-03   0.97847900       0.28624100E-01   0.19659100       0.55785600E-01        1       1
      140   0.99058500E-03   0.13355300E-02   0.27836100E-03   0.97756200       0.22261100E-01   0.20210800       0.55034100E-01        1       1
      141   0.84499500E-03   0.13174800E-02   0.77898300E-04   0.97886600       0.26812000E-01   0.19517700       0.54841000E-01        1       1
      142   0.10840300E-02   0.14654100E-02   0.33354500E-04   0.97811900       0.31668500E-01   0.19756200       0.57010800E-01        1       1
      143   0.91434400E-03   0.14924100E-02   0.17300600E-03   0.97829600       0.23848400E-01   0.19863400       0.53980100E-01        1       1
      144   0.11514900E-02   0.14534200E-02   0.23466100E-03   0.98185500       0.18377700E-01   0.18210900       0.49581400E-01        1       1
      145   0.86194300E-03   0.11885600E-02   0.23080200E-03   0.97894300       0.21291900E-01   0.19804800       0.44665600E-01        1       1
      146   0.11526400E-02   0.12179400E-02   0.11171400E-03   0.98241900       0.46322600E-01   0.17373100       0.50247500E-01        1       1
      147   0.10110400E-02   0.12585500E-02   0.46874500E-03   0.97886800       0.26801900E-01   0.19517300       0.54827500E-01        1       1
      148   0.84574300E-03   0.13478000E-02   0.65703000E-03   0.97838200       0.29345000E-01   0.19581900       0.59690200E-01        1       1
      149   0.10533200E-02   0.13258900E-02   0.66573800E-03   0.97832900       0.30920700E-01   0.19569200       0.60181000E-01        1       1
      150   0.88390900E-03   0.14771300E-02   0.48287500E-03   0.97886400       0.26852400E-01   0.19517400       0.54879400E-01        1       1
      151   0.10857700E-02   0.14441800E-02   0.43336700E-03   0.98030900       0.32451500E-01   0.18637100       0.56634300E-01        1       1
      152   0.14635700E-02   0.12077900E-03   0.16896000E-03   0.97888800       0.26765200E-01   0.19506800       0.54862800E-01        1       1
      153   0.12713600E-02   0.20840800E-03   0.10319700E-03   0.97888600       0.26695700E-01   0.19511500       0.54775900E-01        1       1
      154   0.13644600E-02   0.25775600E-03   0.29636100E-03   0.97889500       0.26743000E-01   0.19503700       0.54861200E-01        1       1
      155   0.12660700E-02   0.74896300E-04   0.26941700E-03   0.97888400       0.26771800E-01   0.19508900       0.54856500E-01        1       1
      156   0.11622400E-02   0.25524400E-03   0.28047800E-03   0.97816100       0.21969300E-01   0.20155300       0.45767800E-01        1       1
      157   0.14228500E-02   0.18517200E-03   0.68549400E-03   0.97887400       0.26841800E-01   0.19511700       0.54900700E-01        1       1
      158   0.12736200E-02   0.19074000E-03   0.49101400E-03   0.97887700       0.26812700E-01   0.19511100       0.54879000E-01        1       1
      159   0.15013500E-02   0.23420500E-03   0.49644900E-03   0.97966900       0.22433000E-01   0.19381600       0.46688200E-01        1       1
      160   0.12282100E-02   0.26097400E-03   0.68865100E-03   0.97819300       0.29601100E-01   0.19685100       0.59267300E-01        1       1
      161   0.13758800E-02   0.36577700E-03   0.60039800E-03   0.97898800       0.27844700E-01   0.19455200       0.54365800E-01        1       1
      162   0.13779200E-02   0.58183200E-03   0.13599100E-03   0.97859300       0.22172600E-01   0.19732800       0.54096500E-01        1       1
      163   0.12621700E-02   0.44945000E-03   0.24325300E-03   0.97744000       0.24891700E-01   0.20268200       0.53950600E-01        1       1
      164   0.13660400E-02   0.59635600E-03   0.33897900E-03   0.97934500       0.39794900E-01   0.18900700       0.59797700E-01        1       1
      165   0.12353400E-02   0.69909600E-03   0.22374000E-03   0.98044800       0.13405900E-01   0.18984500       0.50009900E-01        1       1
      166   0.13326900E-02   0.40256600E-03   0.48998900E-04   0.97929800       0.49214500E-01   0.19190500       0.41534900E-01        1       1
      167   0.13004500E-02   0.54133700E-03   0.68325000E-03   0.97887800       0.26777300E-01   0.19512500       0.54841000E-01        1       1
      168   0.14811300E-02   0.55204200E-03   0.55206700E-03   0.97954700       0.20471900E-01   0.19347200       0.51346700E-01        1       1
      169   0.14521700E-02   0.40743500E-03   0.40830300E-03   0.97890300       0.33694900E-01   0.19410400       0.54192000E-01        1       1
      170   0.14816900E-02   0.75058700E-03   0.39667700E-03   0.98093400       0.59101800E-01   0.17487700       0.60770700E-01        1       1
      171   0.12613900E-02   0.46028500E-03   0.44922400E-03   0.97807500       0.25758600E-01   0.19944900       0.54087400E-01        1       1
      172   0.13148000E-02   0.67378400E-03   0.53390200E-03   0.97729500       0.24939500E-01   0.20776800       0.33229100E-01        1       1
      173   0.13128600E-02   0.10730600E-02   0.14014500E-03   0.97451700       0.39258400E-01   0.21418400       0.53856900E-01        1       1
      174   0.14441500E-02   0.93982400E-03   0.30986200E-03   0.98188800       0.31938400E-01   0.17746600       0.58152300E-01        1       1
      175   0.12526700E-02   0.79579400E-03   0.43684000E-04   0.97776000       0.28437200E-01   0.20119500       0.51929700E-01        1       1
      176   0.15096300E-02   0.10188600E-02   0.91580900E-04   0.98060600       0.23037000E-01   0.18453200       0.61877800E-01        1       1
      177   0.12442600E-02   0.93778100E-03   0.34100000E-03   0.97864100       0.22620100E-01   0.19837800       0.48956200E-01        1       1
      178   0.14355700E-02   0.80952000E-03   0.15571100E-03   0.98004800       0.21292100E-01   0.19049200       0.52578200E-01        1       1
      179   0.13693900E-02   0.10732000E-02   0.63169000E-03   0.97894900       0.26571600E-01   0.19465700       0.55338500E-01        1       1
      180   0.14168300E-02   0.89007500E-03   0.74422300E-03   0.98082300       0.16540400E-01   0.18564000       0.57018900E-01        1       1
      181   0.12211300E-02   0.94125300E-03   0.59384900E-03   0.97843800       0.31427900E-01   0.19636000       0.55805800E-01        1       1
      182   0.14980500E-02   0.10320500E-02   0.48248300E-03   0.97949800       0.17397000E-01   0.19417000       0.50781900E-01        1       1
      183   0.13964500E-02   0.85817200E-03   0.54385100E-03   0.97685600       0.25252800E-01   0.18746500       0.99861800E-01        1       1
      184   0.13043600E-02   0.11284200E-02   0.38420700E-03   0.97915800       0.17976100E-01   0.19397800       0.57440700E-01        1       1
      185   0.11549100E-02   0.78498100E-03   0.47189000E-03   0.97666300       0.26444800E-01   0.20668400       0.52065900E-01        1       1
      186   0.14376400E-02   0.13827900E-02   0.63259300E-04   0.97891700       0.24771100E-01   0.19625200       0.50917100E-01        1       1
      187   0.13313500E-02   0.12720700E-02   0.19294900E-03   0.97691100       0.38186500E-01   0.19911300       0.67378600E-01        1       1
      188   0.14809500E-02   0.14727900E-02   0.25983500E-03   0.97822400       0.34168700E-01   0.19630600       0.58080100E-01        1       1
      189   0.14634400E-02   0.12857900E-02   0.34997900E-03   0.97911300       0.30109200E-01   0.19413600       0.52366200E-01        1       1
      190   0.12523500E-02   0.13458700E-02   0.37693900E-03   0.97799600       0.38042300E-01   0.19727800       0.56199000E-01        1       1
      191   0.13874000E-02   0.13288800E-02   0.52991900E-03   0.97958100       0.25653100E-01   0.19230300       0.52757700E-01        1       1
      192   0.14693200E-02   0.12470400E-02   0.69334500E-03   0.97888700       0.26744700E-01   0.19508500       0.54835600E-01        1       1
      193   0.12680800E-02   0.13006500E-02   0.73543900E-03   0.97856400       0.26812200E-01   0.19793100       0.50174300E-01        1       1
      194   0.14189500E-02   0.15237900E-02   0.68485400E-03   0.97888900       0.26898800E-01   0.19500000       0.55017200E-01        1       1
      195   0.12009200E-02   0.12082400E-02   0.56771100E-03   0.97786300       0.24810900E-01   0.20179700       0.49452000E-01        1       1
      196   0.13675200E-02   0.15137800E-02   0.42135600E-03   0.97938700       0.17176600E-01   0.19507500       0.49519000E-01        1       1
      197   0.11928900E-02   0.14644600E-02   0.61651300E-03   0.98021100       0.23356500E-01   0.18870300       0.55071800E-01        1       1
