Volume: 5.646535994870334e-11
Density: 2500.0
Mass: 1.4116339987175836e-07
equvi_diameter: 0.0004759863438394257
Inertia_tensor: 
 [[ 1.09379903e-15 -3.64484526e-20 -3.88643947e-20]
 [-3.64484526e-20  2.29715251e-14  4.00940803e-20]
 [-3.88643947e-20  4.00940803e-20  2.29714992e-14]]
Positions: 
0.0 0.0 0.0 0.0001391832443389325
0.000278366488677865 0.0 0.0 0.0001391832443389325
-0.000278366488677865 0.0 0.0 0.0001391832443389325
0.00055673297735573 0.0 0.0 0.0001391832443389325
-0.00055673297735573 0.0 0.0 0.0001391832443389325
