Volume: 5.6470294453755937e-11
Density: 2500.0
Mass: 1.4117573613438984e-07
equvi_diameter: 0.00047600020891000374
Inertia_tensor: 
 [[ 9.68732638e-16 -1.73720402e-19 -3.64120844e-19]
 [-1.73720402e-19  2.92242806e-14  1.45081915e-20]
 [-3.64120844e-19  1.45081915e-20  2.92242480e-14]]
Positions: 
0.00013097644753948693 0.0 0.0 0.00013097644753948693
-0.00013097644753948693 0.0 0.0 0.00013097644753948693
0.0003929293426184608 0.0 0.0 0.00013097644753948693
-0.0003929293426184608 0.0 0.0 0.00013097644753948693
0.0006548822376974347 0.0 0.0 0.00013097644753948693
-0.0006548822376974347 0.0 0.0 0.00013097644753948693
