        1   0.18438300E-03   0.11921100E-03   0.26535800E-03   0.97764700       0.23683200E-01   0.19986000       0.60832200E-01        1       1
        2   0.17902100E-03   0.12870400E-03   0.60739000E-04   0.97762600       0.23818100E-01   0.19993500       0.60875600E-01        1       1
        3   0.35733400E-03   0.31510700E-03   0.26012200E-03   0.97830300       0.23977000E-01   0.19871800       0.53479300E-01        1       1
        4   0.17700200E-03   0.31256000E-03   0.16608800E-03   0.97738500       0.24482100E-01   0.20112900       0.60547000E-01        1       1
        5   0.29079900E-03   0.14527300E-03   0.61967100E-03   0.97713000       0.26573300E-01   0.20072400       0.64968600E-01        1       1
        6   0.88058900E-04   0.18532200E-03   0.66175100E-03   0.97763000       0.23825900E-01   0.19990700       0.60900000E-01        1       1
        7   0.96432900E-04   0.68449100E-04   0.47703800E-03   0.97739600       0.23124200E-01   0.20078500       0.62036600E-01        1       1
        8   0.11239100E-03   0.28475100E-03   0.40902000E-03   0.97794100       0.24456600E-01   0.19829600       0.60918400E-01        1       1
        9   0.30920400E-03   0.25254500E-03   0.44965300E-03   0.97665700       0.26319300E-01   0.20338200       0.63911400E-01        1       1
       10   0.62856700E-04   0.48647600E-03   0.11213700E-03   0.97731100       0.25617400E-01   0.20151000       0.60012600E-01        1       1
       11   0.15685200E-03   0.65985200E-03   0.20615800E-03   0.97723200       0.32403900E-01   0.19822600       0.68365200E-01        1       1
       12   0.35198600E-03   0.72274600E-03   0.16052400E-03   0.97886400       0.18027000E-01   0.19505200       0.58786400E-01        1       1
       13   0.23873100E-03   0.54131700E-03   0.25985500E-04   0.97760400       0.21338100E-01   0.20006400       0.61729300E-01        1       1
       14   0.31758000E-03   0.50415700E-03   0.20608200E-03   0.97604200       0.27266300E-01   0.20668500       0.62288600E-01        1       1
       15   0.29279700E-03   0.64752800E-03   0.35814800E-03   0.97714300       0.12403500E-01   0.20102200       0.68024200E-01        1       1
       16   0.16704900E-03   0.48900200E-03   0.33728700E-03   0.97712900       0.23184600E-01   0.20180600       0.62892800E-01        1       1
       17   0.91800100E-04   0.41134100E-03   0.68660300E-03   0.97749300       0.23333500E-01   0.20095800       0.59822900E-01        1       1
       18   0.30655300E-03   0.65820200E-03   0.57358100E-03   0.97931900       0.26123200E-01   0.18707600       0.72494900E-01        1       1
       19   0.78967200E-04   0.62560800E-03   0.71014600E-03   0.97764700       0.23722300E-01   0.19985700       0.60834300E-01        1       1
       20   0.12929400E-03   0.59298600E-03   0.50503300E-03   0.97656800       0.19768100E-01   0.20543900       0.60988300E-01        1       1
       21   0.36204400E-03   0.42140900E-03   0.69296500E-03   0.97879400       0.17135800E-01   0.19499700       0.60380100E-01        1       1
       22   0.22009200E-03   0.41378900E-03   0.52777300E-03   0.97784100       0.22760800E-01   0.19647100       0.68618300E-01        1       1
       23   0.23890400E-03   0.76332200E-03   0.74853200E-03   0.97781500       0.36290600E-01   0.19784700       0.58464100E-01        1       1
       24   0.18536700E-03   0.11100300E-02   0.97623700E-04   0.97875700       0.22064800E-01   0.19586400       0.56430600E-01        1       1
       25   0.21620800E-03   0.96973500E-03   0.34005700E-03   0.97672300       0.22675200E-01   0.20464100       0.60165300E-01        1       1
       26   0.64347400E-04   0.92711800E-03   0.21004200E-03   0.97879200       0.20967500E-01   0.19671400       0.53201500E-01        1       1
       27   0.37794700E-03   0.85216000E-03   0.32082200E-03   0.97761200       0.23076300E-01   0.19840400       0.66170900E-01        1       1
       28   0.37143600E-04   0.11436400E-02   0.22925600E-03   0.97669000       0.17454400E-01   0.20222100       0.69849400E-01        1       1
       29   0.28560900E-03   0.93635300E-03   0.13302500E-03   0.97715500       0.26997600E-01   0.20262700       0.58154000E-01        1       1
       30   0.51445100E-04   0.77738300E-03   0.75646300E-04   0.97640400       0.28124200E-01   0.20518400       0.61191000E-01        1       1
       31   0.17260600E-03   0.97190700E-03   0.54170700E-03   0.97817900       0.22133100E-01   0.19744300       0.60766400E-01        1       1
       32   0.70637000E-04   0.80621800E-03   0.61590100E-03   0.97760000       0.23812500E-01   0.20043100       0.59653800E-01        1       1
       33   0.64749500E-04   0.11171600E-02   0.65317000E-03   0.97762600       0.23876300E-01   0.19990800       0.60941800E-01        1       1
       34   0.35791300E-03   0.84433100E-03   0.52122300E-03   0.97849700       0.89258100E-02   0.19460100       0.67775200E-01        1       1
       35   0.16007700E-03   0.95114400E-03   0.74681200E-03   0.97888200       0.23804200E-01   0.19216200       0.65556300E-01        1       1
       36   0.82147300E-04   0.11373500E-02   0.44842100E-03   0.97839200       0.24139900E-01   0.19692000       0.58221800E-01        1       1
       37   0.36539200E-03   0.10523600E-02   0.50647100E-03   0.97714500       0.25023000E-01   0.20346400       0.56253900E-01        1       1
       38   0.36434400E-03   0.94823500E-03   0.69514300E-03   0.97702500       0.29728900E-01   0.19943200       0.69027300E-01        1       1
       39   0.26258400E-03   0.11389800E-02   0.68937100E-03   0.97803800       0.19858400E-01   0.19993800       0.55416400E-01        1       1
       40   0.13798700E-03   0.78785900E-03   0.39835400E-03   0.97733300       0.19853900E-01   0.20282700       0.57333000E-01        1       1
       41   0.27417000E-03   0.13505500E-02   0.15704600E-03   0.97832900       0.22547100E-01   0.19639600       0.61584200E-01        1       1
       42   0.11315800E-03   0.14737600E-02   0.11091400E-03   0.97762900       0.23884700E-01   0.19988900       0.60961100E-01        1       1
       43   0.20314500E-03   0.14835500E-02   0.36225300E-03   0.97807500       0.23543400E-01   0.19877800       0.57459700E-01        1       1
       44   0.96990300E-04   0.13331200E-02   0.27528500E-03   0.97761300       0.25276100E-01   0.19994700       0.60458500E-01        1       1
       45   0.32749000E-03   0.15226500E-02   0.68075100E-04   0.97764300       0.23911600E-01   0.19979100       0.61046600E-01        1       1
       46   0.24343100E-03   0.11777000E-02   0.29107000E-03   0.97702200       0.25123600E-01   0.20224600       0.62394400E-01        1       1
       47   0.37920300E-03   0.11798200E-02   0.12419300E-03   0.97597100       0.36547500E-01   0.20608900       0.60605000E-01        1       1
       48   0.38331100E-03   0.14728100E-02   0.27579100E-03   0.97789300       0.16471800E-01   0.19802600       0.65118600E-01        1       1
       49   0.12112100E-03   0.13164700E-02   0.64964400E-03   0.97759900       0.25585600E-01   0.20052700       0.58603500E-01        1       1
       50   0.19040200E-03   0.13060300E-02   0.45510500E-03   0.97763200       0.23813100E-01   0.19990200       0.60892900E-01        1       1
       51   0.33995000E-03   0.13244900E-02   0.74363800E-03   0.97744900       0.20654600E-01   0.20101100       0.61324000E-01        1       1
       52   0.26268900E-03   0.14817200E-02   0.62559900E-03   0.97772200       0.23530300E-01   0.19984600       0.59722900E-01        1       1
       53   0.39783500E-04   0.15200900E-02   0.66009700E-03   0.97743400       0.26857000E-01   0.20113800       0.58691300E-01        1       1
       54   0.36151700E-03   0.12499600E-02   0.54771200E-03   0.97643900       0.25903600E-01   0.20555700       0.60342900E-01        1       1
       55   0.59857100E-03   0.11540000E-03   0.10678300E-03   0.97709300       0.25382100E-01   0.20286000       0.59102700E-01        1       1
       56   0.56040700E-03   0.28547600E-03   0.22712900E-03   0.97712800       0.24630900E-01   0.20350000       0.56587200E-01        1       1
       57   0.46900600E-03   0.11631700E-03   0.29270500E-03   0.97763400       0.23808500E-01   0.19989200       0.60895100E-01        1       1
       58   0.41182500E-03   0.19099900E-03   0.97677600E-04   0.97587300       0.23807200E-01   0.20878400       0.59287000E-01        1       1
       59   0.71433800E-03   0.22340100E-03   0.34318300E-03   0.97761900       0.15833600E-01   0.20160800       0.58011100E-01        1       1
       60   0.74423600E-03   0.14921700E-05   0.37600400E-03   0.97605800       0.24316800E-01   0.20773100       0.59719800E-01        1       1
       61   0.65514000E-03   0.29289100E-03  -0.78385500E-05   0.97520900       0.19557000E-01   0.21278300       0.57522400E-01        1       1
       62   0.51888600E-03   0.26410100E-03   0.42528900E-03   0.97568300       0.11449700E-01   0.20952200       0.63332500E-01        1       1
       63   0.46420900E-03   0.23419300E-03   0.68315700E-03   0.97686900       0.27395600E-01   0.20373100       0.58911600E-01        1       1
       64   0.43921300E-03   0.90817700E-04   0.49559000E-03   0.97764200       0.23603100E-01   0.19993200       0.60711600E-01        1       1
       65   0.66151000E-03   0.14526000E-03   0.52365900E-03   0.97496300       0.19067500E-01   0.21444700       0.55634900E-01        1       1
       66   0.72036500E-03   0.84014300E-04   0.71806900E-03   0.97896000       0.21690000E-01   0.19476300       0.56874800E-01        1       1
       67   0.72369300E-03   0.33904900E-03   0.53402800E-03   0.97459500       0.21423400E-01   0.20398300       0.89983200E-01        1       1
       68   0.51374900E-03   0.38562000E-04   0.70176800E-03   0.98005500       0.19640800E-01   0.19168300       0.48623100E-01        1       1
       69   0.49368400E-03   0.46571700E-03   0.29779400E-03   0.97756700       0.97810500E-02   0.19999800       0.65334200E-01        1       1
       70   0.51968500E-03   0.61276400E-03   0.15683300E-03   0.97692100       0.17275700E-01   0.20153900       0.68626200E-01        1       1
       71   0.70049100E-03   0.60875000E-03   0.29689100E-03   0.97300100       0.20044500E-01   0.21797000       0.73190300E-01        1       1
       72   0.66537700E-03   0.45524900E-03   0.15429200E-03   0.97786400       0.22343200E-01   0.19936000       0.59481800E-01        1       1
       73   0.69551900E-03   0.70689800E-03   0.12244100E-03   0.97785700       0.23677300E-01   0.19792400       0.63722600E-01        1       1
       74   0.48723700E-03   0.40721000E-03   0.71655900E-04   0.97873700       0.24196100E-01   0.19453700       0.60357800E-01        1       1
       75   0.61952800E-03   0.56191200E-03  -0.91434600E-05   0.98011700       0.23041900E-01   0.18905800       0.55658000E-01        1       1
       76   0.55607500E-03   0.40530600E-03   0.63348900E-03   0.97654000       0.23880000E-01   0.20497700       0.61518400E-01        1       1
       77   0.43124000E-03   0.67044100E-03   0.73003600E-03   0.97725300       0.23790800E-01   0.20274500       0.57491700E-01        1       1
       78   0.72110100E-03   0.72552600E-03   0.46907800E-03   0.97767500       0.24327200E-01   0.19986300       0.60117400E-01        1       1
       79   0.72106200E-03   0.76213600E-03   0.68704000E-03   0.98247700       0.99679500E-02   0.17471200       0.64145200E-01        1       1
       80   0.56971800E-03   0.65267800E-03   0.58515900E-03   0.98209700       0.11977300E-02   0.17922200       0.57999200E-01        1       1
       81   0.61600600E-03   0.50671200E-03   0.45281700E-03   0.97725800       0.27575600E-01   0.19943700       0.66570100E-01        1       1
       82   0.40447000E-03   0.49236200E-03   0.49638600E-03   0.97969400       0.16228000E-01   0.18798300       0.67811500E-01        1       1
       83   0.49156900E-03   0.66183000E-03   0.39712400E-03   0.97427800       0.21880600E-01   0.21059700       0.77158500E-01        1       1
       84   0.65708900E-03   0.95205900E-03   0.15293500E-03   0.97211100       0.41529300E-01   0.22477900       0.52441100E-01        1       1
       85   0.47947800E-03   0.10150200E-02   0.68616400E-04   0.97808200       0.24467200E-01   0.19847400       0.58005000E-01        1       1
       86   0.61305600E-03   0.11543600E-02   0.13899300E-03   0.97837200       0.33645100E-01   0.19567300       0.58045400E-01        1       1
       87   0.52934900E-03   0.81201900E-03   0.69810100E-04   0.97871100       0.19744900E-01   0.19543000       0.59521200E-01        1       1
       88   0.40065600E-03   0.10483500E-02   0.28438000E-03   0.97669400       0.28061700E-01   0.20499900       0.57068400E-01        1       1
       89   0.58285800E-03   0.10076600E-02   0.36662100E-03   0.97380700       0.53426200E-01   0.21022400       0.68197600E-01        1       1
       90   0.57822200E-03   0.80224600E-03   0.28138400E-03   0.97961100       0.25808600E-01   0.18530600       0.73199600E-01        1       1
       91   0.56385200E-03   0.10713100E-02   0.56061200E-03   0.97571900       0.27766800E-01   0.20598800       0.69061600E-01        1       1
       92   0.67383700E-03   0.97629400E-03   0.71586200E-03   0.97769200       0.25135800E-01   0.19749900       0.66931900E-01        1       1
       93   0.69314100E-03   0.91885700E-03   0.51543100E-03   0.97705000       0.27869700E-01   0.20018600       0.67242900E-01        1       1
       94   0.53599300E-03   0.84902100E-03   0.63052300E-03   0.97612200       0.30939500E-01   0.20542700       0.63464100E-01        1       1
       95   0.77023000E-03   0.11186900E-02   0.54372700E-03   0.97355700       0.43619200E-01   0.21386300       0.67423000E-01        1       1
       96   0.59719800E-03   0.15049200E-02   0.23942000E-03   0.97764300       0.26086100E-01   0.20228300       0.51136000E-01        1       1
       97   0.56056600E-03   0.13334600E-02   0.56722900E-04   0.97758000       0.23707800E-01   0.20017200       0.60876300E-01        1       1
       98   0.51329500E-03   0.13228500E-02   0.25087000E-03   0.97819100       0.70770500E-02   0.19672500       0.66266100E-01        1       1
       99   0.72211000E-03   0.14557200E-02   0.65244900E-04   0.97765200       0.23788200E-01   0.19979000       0.60944000E-01        1       1
      100   0.68548100E-03   0.11927800E-02   0.32726700E-03   0.97597800       0.37355800E-01   0.19120600       0.97531800E-01        1       1
      101   0.54187800E-03   0.13218100E-02   0.60736600E-03   0.97764000       0.23805700E-01   0.19985600       0.60916100E-01        1       1
      102   0.64952500E-03   0.14926100E-02   0.57625600E-03   0.97769700       0.26736200E-01   0.19958900       0.59640800E-01        1       1
      103   0.72416000E-03   0.13191200E-02   0.47895500E-03   0.97716000       0.21223200E-01   0.20566100       0.49115900E-01        1       1
      104   0.50568300E-03   0.14437500E-02   0.43402700E-03   0.97744000       0.25245000E-01   0.20124900       0.58936700E-01        1       1
      105   0.49039900E-03   0.11920500E-02   0.40066800E-03   0.97577100       0.24073500E-01   0.20916400       0.59521200E-01        1       1
      106   0.67410700E-03   0.11936700E-02   0.72004600E-03   0.97585900       0.23853900E-01   0.20788500       0.62557200E-01        1       1
      107   0.46156500E-03   0.11679000E-02   0.71322600E-03   0.97762200       0.24803100E-01   0.20041900       0.58927500E-01        1       1
      108   0.87465000E-03   0.13187000E-03   0.77084700E-04   0.97789100       0.23624200E-01   0.19977300       0.57115400E-01        1       1
      109   0.11285300E-02   0.86346600E-04   0.34832900E-03   0.98486600       0.16761700E-01   0.15944800       0.65840000E-01        1       1
      110   0.89539800E-03   0.13779000E-03   0.29433800E-03   0.97752500       0.23667200E-01   0.20049000       0.60734400E-01        1       1
      111   0.98657700E-03   0.27293100E-03   0.17774200E-03   0.97875500       0.30378700E-01   0.19395800       0.59130200E-01        1       1
      112   0.10575500E-02   0.87141500E-04   0.14465400E-03   0.98178000       0.68971200E-01   0.16431300       0.65966400E-01        1       1
      113   0.78742100E-03   0.29510500E-03   0.16036400E-03   0.97665800       0.18078900E-01   0.20556400       0.59626000E-01        1       1
      114   0.10429300E-02   0.21029000E-03   0.74648400E-03   0.97675900       0.26685100E-01   0.20384700       0.60626800E-01        1       1
      115   0.10714200E-02   0.11160600E-03   0.54009800E-03   0.97579300       0.20034600E-01   0.21071000       0.55023300E-01        1       1
      116   0.95601300E-03   0.33032400E-04   0.68805600E-03   0.97814400       0.20778800E-01   0.19913100       0.56116900E-01        1       1
      117   0.87371200E-03   0.18503300E-03   0.48780200E-03   0.97794200       0.20083500E-01   0.19738600       0.65301100E-01        1       1
      118   0.87686300E-03   0.30372100E-03   0.67798300E-03   0.97832000       0.28028500E-01   0.19798900       0.53899300E-01        1       1
      119   0.10643700E-02   0.27214900E-03   0.38982600E-03   0.97715900       0.27745700E-01   0.20208200       0.59617500E-01        1       1
      120   0.11076700E-02   0.32747800E-03   0.59094600E-03   0.97867800       0.26144400E-01   0.19335600       0.64180100E-01        1       1
      121   0.93157600E-03   0.37914000E-03   0.49667200E-03   0.97854600       0.30836600E-01   0.19458900       0.60262900E-01        1       1
      122   0.10663500E-02   0.59424600E-03   0.12638700E-03   0.97848900       0.25321800E-01   0.19535600       0.61265700E-01        1       1
      123   0.95541300E-03   0.42877300E-03   0.42538500E-04   0.97792500       0.25788600E-01   0.19776400       0.62344800E-01        1       1
      124   0.10943100E-02   0.42883300E-03   0.25970800E-03   0.97771300       0.22660600E-01   0.20026200       0.58806100E-01        1       1
      125   0.84945900E-03   0.54608900E-03   0.17086000E-03   0.97945500       0.19901200E-01   0.19364700       0.52656800E-01        1       1
      126   0.93352200E-03   0.72928300E-03   0.20860500E-03   0.97561300       0.43644000E-01   0.20592800       0.62196400E-01        1       1
      127   0.78843100E-03   0.42356200E-03   0.33993300E-03   0.97823300       0.18023500E-01   0.19912500       0.55545200E-01        1       1
      128   0.96636300E-03   0.55891000E-03   0.34426700E-03   0.97668400      -0.86197200E-02   0.20635200       0.58592300E-01        1       1
      129   0.87016800E-03   0.68148100E-03   0.24223100E-04   0.97772800       0.24674000E-01   0.19914500       0.61483700E-01        1       1
      130   0.11348900E-02   0.67164700E-03   0.30014600E-03   0.97667700       0.80121000E-02   0.20537700       0.62111300E-01        1       1
      131   0.99815100E-03   0.51035900E-03   0.63867600E-03   0.97644300       0.29094400E-01   0.20864800       0.46668800E-01        1       1
      132   0.10992200E-02   0.68205200E-03   0.65983400E-03   0.97440100       0.30062100E-01   0.21210600       0.68184100E-01        1       1
      133   0.11281800E-02   0.55967300E-03   0.47881300E-03   0.98099000       0.14131900E-01   0.18196400       0.65940700E-01        1       1
      134   0.80359600E-03   0.50971900E-03   0.69876900E-03   0.97650400       0.25662400E-01   0.20564700       0.59084100E-01        1       1
      135   0.90819100E-03   0.72928700E-03   0.60835300E-03   0.98153100       0.86964000E-02   0.18577700       0.44817000E-01        1       1
      136   0.84199000E-03   0.55994900E-03   0.50891900E-03   0.97741800       0.57200900E-02   0.20476100       0.51906300E-01        1       1
      137   0.92465300E-03   0.74423800E-03   0.40926300E-03   0.98244500       0.19761500E-01   0.17081700       0.72344700E-01        1       1
      138   0.10987400E-02   0.10536600E-02   0.29030900E-03   0.98030300       0.27716400E-01   0.18792100       0.54060800E-01        1       1
      139   0.10506900E-02   0.10134700E-02   0.87321300E-04   0.97849200       0.30364200E-01   0.19245600       0.67766700E-01        1       1
      140   0.79279500E-03   0.10158600E-02   0.36570800E-03   0.97842100       0.19809000E-01   0.19927000       0.50900300E-01        1       1
      141   0.82892800E-03   0.11002600E-02   0.90594700E-04   0.97715400       0.14997300E-01   0.20347600       0.59527200E-01        1       1
      142   0.11112400E-02   0.78987600E-03   0.13624000E-03   0.97130900       0.15919000E-01   0.22673700       0.69971400E-01        1       1
      143   0.93522300E-03   0.93673300E-03   0.23382100E-03   0.97423100       0.44211500E-01   0.20598100       0.80563500E-01        1       1
      144   0.83287800E-03   0.87452800E-03   0.73023000E-04   0.97355600       0.21149000E-01   0.22183300       0.50315000E-01        1       1
      145   0.10807800E-02   0.86420100E-03   0.37054800E-03   0.97602800       0.22572900E-01   0.20589500       0.66836100E-01        1       1
      146   0.77645600E-03   0.82649300E-03   0.29566600E-03   0.97825100       0.55645300E-02   0.19298400       0.75833300E-01        1       1
      147   0.10332200E-02   0.10644800E-02   0.48218500E-03   0.97772300       0.23518200E-01   0.19885500       0.62939200E-01        1       1
      148   0.10056500E-02   0.83524100E-03   0.74937800E-03   0.98259600       0.10297500E-01   0.17618100       0.57961100E-01        1       1
      149   0.88839000E-03   0.10006000E-02   0.70249300E-03   0.97971200       0.44852800E-01   0.18657700       0.57799100E-01        1       1
      150   0.89517800E-03   0.91623600E-03   0.50776700E-03   0.98302100       0.65777400E-01   0.16153400       0.57012900E-01        1       1
      151   0.10872400E-02   0.11034200E-02   0.68858300E-03   0.97755700       0.23525600E-01   0.20067200       0.59665400E-01        1       1
      152   0.11020600E-02   0.91051800E-03   0.59026800E-03   0.97672700       0.30355000E-01   0.20130900       0.67517300E-01        1       1
      153   0.98801700E-03   0.13471900E-02   0.28044100E-03   0.97727300       0.20078100E-01   0.20237300       0.59823000E-01        1       1
      154   0.82563800E-03   0.12994500E-02   0.15379000E-03   0.97764800       0.23697500E-01   0.19986000       0.60823400E-01        1       1
      155   0.10528400E-02   0.14360300E-02   0.56175800E-04   0.97739900       0.19517000E-01   0.20202500       0.59123100E-01        1       1
      156   0.88716000E-03   0.15019100E-02   0.19888800E-03   0.97758300       0.23763800E-01   0.19907700       0.64301800E-01        1       1
      157   0.11063000E-02   0.12096500E-02   0.85315700E-04   0.97762200       0.24013500E-01   0.20038500       0.59366800E-01        1       1
      158   0.91582300E-03   0.11616200E-02   0.30506500E-03   0.97730000       0.22949900E-01   0.20201700       0.59556300E-01        1       1
      159   0.96518300E-03   0.12530400E-02   0.49471600E-03   0.97759400       0.23433800E-01   0.20011800       0.60935100E-01        1       1
      160   0.80657200E-03   0.13944400E-02   0.65381100E-03   0.97770000       0.17121800E-01   0.20071000       0.59379100E-01        1       1
      161   0.10650300E-02   0.13071100E-02   0.67682500E-03   0.97732200       0.22182100E-01   0.20154000       0.61079400E-01        1       1
      162   0.91495800E-03   0.14515300E-02   0.49211200E-03   0.97764600       0.23765900E-01   0.19983600       0.60896200E-01        1       1
      163   0.11219300E-02   0.14457800E-02   0.44312000E-03   0.97913300       0.32698700E-01   0.19111600       0.60859400E-01        1       1
      164   0.88324400E-03   0.12112700E-02   0.69450700E-03   0.97675900       0.21160700E-01   0.20387000       0.62704100E-01        1       1
      165   0.11536000E-02   0.14904500E-02   0.63881000E-03   0.97915400       0.21701600E-01   0.19202700       0.62547800E-01        1       1
      166   0.14450800E-02   0.12478700E-03   0.14963100E-03   0.97764600       0.23762900E-01   0.19983900       0.60891800E-01        1       1
      167   0.13322000E-02   0.29162900E-03   0.74308600E-04   0.97765400       0.23733400E-01   0.19978000       0.60972200E-01        1       1
      168   0.13808700E-02   0.25692700E-03   0.32401200E-03   0.97761200       0.21033400E-01   0.20050600       0.60253400E-01        1       1
      169   0.13251200E-02   0.65513400E-04   0.30393900E-03   0.97869500       0.21559200E-01   0.19493400       0.60765900E-01        1       1
      170   0.12571400E-02   0.53875700E-04   0.73399100E-04   0.97756300       0.15989200E-01   0.20035400       0.63039700E-01        1       1
      171   0.11906200E-02   0.24798600E-03   0.22068300E-03   0.97588800       0.27620100E-01   0.20803800       0.60005900E-01        1       1
      172   0.15352200E-02   0.28319900E-03   0.49459800E-04   0.97760500       0.23830900E-01   0.20005500       0.60819300E-01        1       1
      173   0.14278100E-02   0.13218500E-03   0.71667100E-03   0.97765600       0.23703300E-01   0.19980700       0.60862500E-01        1       1
      174   0.12914200E-02   0.17550800E-03   0.48871100E-03   0.97765200       0.23756800E-01   0.19980700       0.60907400E-01        1       1
      175   0.14923900E-02   0.22254600E-03   0.51729900E-03   0.97761200       0.23360600E-01   0.20083700       0.58253200E-01        1       1
      176   0.12451200E-02   0.21087200E-03   0.68095300E-03   0.97757800       0.24852800E-01   0.19959700       0.62323900E-01        1       1
      177   0.13516900E-02   0.35491000E-03   0.58925100E-03   0.97789500       0.26266200E-01   0.19736300       0.63863000E-01        1       1
      178   0.13978700E-02   0.51605200E-03   0.26369700E-04   0.97747100       0.17822900E-01   0.20146000       0.60384100E-01        1       1
      179   0.12857300E-02   0.52960200E-03   0.26639800E-03   0.97563300       0.16413900E-01   0.21017700       0.60797400E-01        1       1
      180   0.14756600E-02   0.64751100E-03   0.18032200E-03   0.97756500       0.51353200E-01   0.19296600       0.67032000E-01        1       1
      181   0.13266200E-02   0.74089600E-03   0.32423800E-03   0.98013400       0.37935400E-01   0.18101100       0.71640700E-01        1       1
      182   0.14376400E-02   0.41269600E-03   0.20676600E-03   0.97744200       0.25341700E-01   0.19945000       0.64683500E-01        1       1
      183   0.12009500E-02   0.44723400E-03   0.85181200E-04   0.97767100       0.14175200E-01   0.20105300       0.59458300E-01        1       1
      184   0.12696100E-02   0.66709100E-03   0.12074700E-03   0.98053900       0.67037000E-01   0.17004000       0.71668500E-01        1       1
      185   0.12402700E-02   0.50615800E-03   0.67497000E-03   0.97762600       0.23722000E-01   0.19997100       0.60794100E-01        1       1
      186   0.14665500E-02   0.52615600E-03   0.60872800E-03   0.97941700       0.21428200E-01   0.19315400       0.54539600E-01        1       1
      187   0.14766800E-02   0.40464400E-03   0.42169100E-03   0.97745400       0.26006500E-01   0.20044500       0.61065000E-01        1       1
      188   0.12338000E-02   0.38599500E-03   0.42696700E-03   0.97691000       0.22107200E-01   0.20354200       0.61057400E-01        1       1
      189   0.12994200E-02   0.70647800E-03   0.69865400E-03   0.97686100       0.23512200E-01   0.20421400       0.59052100E-01        1       1
      190   0.13346600E-02   0.57339400E-03   0.46358800E-03   0.97676900       0.26326300E-01   0.20277800       0.64117100E-01        1       1
      191   0.12167200E-02   0.74051700E-03   0.50794700E-03   0.97593700       0.25874600E-01   0.20467000       0.70620300E-01        1       1
      192   0.15193200E-02   0.64209400E-03   0.38083500E-03   0.97572300       0.46310300E-01   0.19950500       0.77575300E-01        1       1
      193   0.13387700E-02   0.10751300E-02   0.10415800E-04   0.97854900       0.40630700E-01   0.19289200       0.59860800E-01        1       1
      194   0.14927800E-02   0.85625300E-03   0.36127500E-03   0.97733200       0.17428500E-01   0.19927400       0.69337100E-01        1       1
      195   0.12716000E-02   0.11421000E-02   0.21610100E-03   0.97809900       0.22045000E-01   0.19894900       0.57053900E-01        1       1
      196   0.14045200E-02   0.83496100E-03   0.14541100E-03   0.97376100       0.17266700E-01   0.22015500       0.54988600E-01        1       1
      197   0.12358300E-02   0.92473300E-03   0.21651800E-03   0.97672100       0.25438900E-01   0.20403500       0.61137100E-01        1       1
      198   0.14187000E-02   0.10091200E-02   0.25398600E-03   0.97854800       0.16421500E-01   0.19678400       0.58734800E-01        1       1
      199   0.12026900E-02   0.90251700E-03  -0.18836800E-05   0.97528900       0.74957800E-02   0.21091900       0.65326700E-01        1       1
      200   0.15295200E-02   0.10204500E-02   0.49636000E-04   0.97626900       0.19230700E-01   0.20702300       0.60585400E-01        1       1
      201   0.13936300E-02   0.11486100E-02   0.60573500E-03   0.97720400       0.21886800E-01   0.20172200       0.62469400E-01        1       1
      202   0.14448800E-02   0.86486800E-03   0.72573300E-03   0.97811300       0.34659200E-01   0.19542400       0.62472400E-01        1       1
      203   0.12968900E-02   0.95999800E-03   0.60377900E-03   0.97643000       0.29380800E-01   0.20438300       0.62840400E-01        1       1
      204   0.14996000E-02   0.96575400E-03   0.53516000E-03   0.97719700       0.26630700E-01   0.20232300       0.58675600E-01        1       1
      205   0.13057700E-02   0.93262400E-03   0.40525100E-03   0.97076100       0.23259300E-01   0.22468600       0.81227800E-01        1       1
      206   0.14140900E-02   0.77489000E-03   0.54576200E-03   0.97893100       0.40824400E-01   0.18980700       0.63252600E-01        1       1
      207   0.14556100E-02   0.14553100E-02   0.81636600E-04   0.97721300       0.24748100E-01   0.20093800       0.63761900E-01        1       1
      208   0.12471900E-02   0.13040100E-02   0.35213500E-03   0.97576300       0.33402900E-01   0.20864700       0.56891400E-01        1       1
      209   0.15176200E-02   0.15327000E-02   0.29015300E-03   0.97684900       0.25317600E-01   0.20220500       0.65099400E-01        1       1
      210   0.14426700E-02   0.13495500E-02   0.32153800E-03   0.97791700       0.23243900E-01   0.19917400       0.58893500E-01        1       1
      211   0.13183800E-02   0.13215500E-02   0.13980400E-03   0.97633400       0.29020700E-01   0.20485200       0.62971200E-01        1       1
      212   0.11675800E-02   0.14424100E-02   0.22590800E-03   0.97804400       0.18402600E-01   0.19893200       0.59299800E-01        1       1
      213   0.14180200E-02   0.13352500E-02   0.53272400E-03   0.97748400       0.21591000E-01   0.20063600       0.61677500E-01        1       1
      214   0.14780000E-02   0.12771200E-02   0.73610400E-03   0.97766300       0.23720200E-01   0.19975500       0.60910300E-01        1       1
      215   0.12650800E-02   0.12937600E-02   0.68600900E-03   0.97783100       0.26039300E-01   0.19827600       0.62095700E-01        1       1
      216   0.13691100E-02   0.14753800E-02   0.67705700E-03   0.97764600       0.23808600E-01   0.19981900       0.60942800E-01        1       1
      217   0.12063000E-02   0.11698100E-02   0.49891500E-03   0.97766800       0.21338000E-01   0.20068100       0.58625900E-01        1       1
      218   0.14115500E-02   0.15284100E-02   0.48012100E-03   0.97829400       0.27289400E-01   0.19823400       0.53850400E-01        1       1
      219   0.13890700E-02   0.11610100E-02   0.38266500E-03   0.97901700       0.26104900E-01   0.19240300       0.61851400E-01        1       1
