       1   0.000000e+00   0.000000e+00   6.000000e-05
       1   3.526712e-05   0.000000e+00   4.854102e-05
       1   2.853170e-05   2.072949e-05   4.854102e-05
       1   1.089814e-05   3.354102e-05   4.854102e-05
       1  -1.089814e-05   3.354102e-05   4.854102e-05
       1  -2.853170e-05   2.072949e-05   4.854102e-05
       1  -3.526712e-05   4.318976e-21   4.854102e-05
       1  -2.853170e-05  -2.072949e-05   4.854102e-05
       1  -1.089814e-05  -3.354102e-05   4.854102e-05
       1   1.089814e-05  -3.354102e-05   4.854102e-05
       1   2.853170e-05  -2.072949e-05   4.854102e-05
       1   5.706339e-05   0.000000e+00   1.854102e-05
       1   4.616525e-05   3.354102e-05   1.854102e-05
       1   1.763356e-05   5.427051e-05   1.854102e-05
       1  -1.763356e-05   5.427051e-05   1.854102e-05
       1  -4.616525e-05   3.354102e-05   1.854102e-05
       1  -5.706339e-05   6.988250e-21   1.854102e-05
       1  -4.616525e-05  -3.354102e-05   1.854102e-05
       1  -1.763356e-05  -5.427051e-05   1.854102e-05
       1   1.763356e-05  -5.427051e-05   1.854102e-05
       1   4.616525e-05  -3.354102e-05   1.854102e-05
       1   5.706339e-05   0.000000e+00  -1.854102e-05
       1   4.616525e-05   3.354102e-05  -1.854102e-05
       1   1.763356e-05   5.427051e-05  -1.854102e-05
       1  -1.763356e-05   5.427051e-05  -1.854102e-05
       1  -4.616525e-05   3.354102e-05  -1.854102e-05
       1  -5.706339e-05   6.988250e-21  -1.854102e-05
       1  -4.616525e-05  -3.354102e-05  -1.854102e-05
       1  -1.763356e-05  -5.427051e-05  -1.854102e-05
       1   1.763356e-05  -5.427051e-05  -1.854102e-05
       1   4.616525e-05  -3.354102e-05  -1.854102e-05
       1   3.526712e-05   0.000000e+00  -4.854102e-05
       1   2.853170e-05   2.072949e-05  -4.854102e-05
       1   1.089814e-05   3.354102e-05  -4.854102e-05
       1  -1.089814e-05   3.354102e-05  -4.854102e-05
       1  -2.853170e-05   2.072949e-05  -4.854102e-05
       1  -3.526712e-05   4.318976e-21  -4.854102e-05
       1  -2.853170e-05  -2.072949e-05  -4.854102e-05
       1  -1.089814e-05  -3.354102e-05  -4.854102e-05
       1   1.089814e-05  -3.354102e-05  -4.854102e-05
       1   2.853170e-05  -2.072949e-05  -4.854102e-05
       1   0.000000e+00   0.000000e+00  -6.000000e-05
       2   0.000000e+00   0.000000e+00   0.000000e+00