        1   0.17636200E-03   0.12519200E-03   0.26950800E-03   0.91955800      -0.33157600       0.18575100       0.99838000E-01        1       1
        2   0.20787500E-03   0.11868000E-03   0.67223400E-04   0.91955600      -0.33159200       0.18573600       0.99831900E-01        1       1
        3   0.32722200E-04   0.28187900E-03   0.91884800E-04   0.91957300      -0.33159400       0.18564300       0.99835200E-01        1       1
        4   0.21733900E-03   0.31377200E-03   0.16373600E-03   0.91803900      -0.32823000       0.19619100       0.10478200            1       1
        5   0.11029700E-03   0.28263400E-03   0.38420800E-03   0.91832900      -0.33451500       0.18622500       0.10045400            1       1
        6   0.25638200E-03   0.13817000E-03   0.58817900E-03   0.91463300      -0.34163100       0.19215100       0.99056300E-01        1       1
        7   0.76972500E-04   0.15825000E-03   0.69822900E-03   0.91957100      -0.33156900       0.18569300       0.99842300E-01        1       1
        8   0.95872000E-04   0.65697800E-04   0.48094600E-03   0.91811800      -0.33424300       0.18726000       0.10136800            1       1
        9   0.31500300E-03   0.25635300E-03   0.43771600E-03   0.91686200      -0.32459100       0.20582100       0.10790300            1       1
       10   0.65944200E-04   0.48306100E-03   0.12793300E-03   0.91920400      -0.33181400       0.18635100       0.10117700            1       1
       11   0.16701400E-03   0.67109200E-03   0.23050500E-03   0.91678400      -0.33811100       0.18878000       0.97728900E-01        1       1
       12   0.33262400E-03   0.73834400E-03   0.13786700E-03   0.92091700      -0.32855200       0.18545600       0.97833800E-01        1       1
       13   0.24274400E-03   0.50949700E-03   0.31279000E-04   0.91980700      -0.33030700       0.18595800       0.10135000            1       1
       14   0.33600600E-03   0.51992200E-03   0.22327300E-03   0.92043800      -0.33559900       0.17970800       0.88725400E-01        1       1
       15   0.59498300E-04   0.74617500E-03   0.68439600E-04   0.91936100      -0.33738400       0.17760300       0.96975600E-01        1       1
       16   0.18174100E-03   0.46846100E-03   0.34161400E-03   0.91690600      -0.33478900       0.19261000       0.10050100            1       1
       17   0.31480400E-04   0.41637500E-03   0.70008600E-03   0.91952300      -0.33126800       0.18515800       0.10225700            1       1
       18   0.28889100E-03   0.61019100E-03   0.59600500E-03   0.92918800      -0.30261300       0.18486000       0.10421600            1       1
       19   0.97704000E-04   0.60672000E-03   0.70021900E-03   0.91892500      -0.33378600       0.18524900       0.99232100E-01        1       1
       20   0.11820000E-03   0.59840900E-03   0.49231300E-03   0.92024300      -0.33280400       0.18161800       0.96999900E-01        1       1
       21   0.29452300E-03   0.67376400E-03   0.39837100E-03   0.91934400      -0.33465500       0.18222700       0.98008000E-01        1       1
       22   0.21923100E-03   0.41977600E-03   0.60806100E-03   0.92102600      -0.31803900       0.19516100       0.11168900            1       1
       23   0.18763900E-03   0.11396600E-02   0.93074400E-04   0.91974500      -0.33686500       0.17821800       0.93962800E-01        1       1
       24   0.20268400E-03   0.97380900E-03   0.34909900E-03   0.91671200      -0.33717300       0.19071300       0.97891600E-01        1       1
       25   0.86113900E-04   0.89248300E-03   0.20513300E-03   0.90156000      -0.37772200       0.18885600       0.94068000E-01        1       1
       26   0.36067700E-03   0.84670300E-03   0.31395300E-03   0.92007100      -0.33093300       0.18282800       0.10259600            1       1
       27   0.53233300E-04   0.10896200E-02   0.23316100E-03   0.91050200      -0.35542700       0.18711300       0.98216900E-01        1       1
       28   0.29038300E-03   0.93649100E-03   0.14363900E-03   0.92189300      -0.33373800       0.17376900       0.92389000E-01        1       1
       29   0.17361000E-03   0.98540300E-03   0.56162300E-03   0.91963700      -0.33084000       0.18649800       0.10015500            1       1
       30   0.90664700E-04   0.80833800E-03   0.61281300E-03   0.91989200      -0.33154900       0.18325300       0.10144800            1       1
       31   0.48502200E-04   0.11006800E-02   0.66911000E-03   0.91954500      -0.33165400       0.18568900       0.99810400E-01        1       1
       32   0.25814600E-03   0.11402900E-02   0.68059200E-03   0.91825700      -0.33458000       0.18820200       0.97157100E-01        1       1
       33   0.16872400E-03   0.96503900E-03   0.76160000E-03   0.91771200      -0.33253200       0.19125900       0.10318900            1       1
       34   0.87226300E-04   0.11428600E-02   0.43656100E-03   0.91936700      -0.32965800       0.19016000       0.99642900E-01        1       1
       35   0.34703400E-03   0.10498900E-02   0.48493800E-03   0.91229900      -0.34933500       0.18998500       0.97880700E-01        1       1
       36   0.11101400E-03   0.78021100E-03   0.39886300E-03   0.90914300      -0.36095700       0.18713100       0.90284200E-01        1       1
       37   0.35977900E-03   0.93379600E-03   0.66102400E-03   0.91998500      -0.32064200       0.19935800       0.10522500            1       1
       38   0.24371800E-03   0.77496300E-03   0.73767500E-03   0.92690100      -0.30887900       0.18634900       0.10354600            1       1
       39   0.26594300E-03   0.13344000E-02   0.15578200E-03   0.91863800      -0.33266700       0.18780600       0.10082000            1       1
       40   0.11798300E-03   0.14669100E-02   0.99505500E-04   0.91952100      -0.33167300       0.18577700       0.99799100E-01        1       1
       41   0.20394300E-03   0.14773700E-02   0.34106900E-03   0.91923100      -0.33078400       0.18768500       0.10183600            1       1
       42   0.10213600E-03   0.12982000E-02   0.27192900E-03   0.91863300      -0.33491400       0.18592500       0.96836900E-01        1       1
       43   0.33754100E-03   0.15025400E-02   0.64997400E-04   0.91949800      -0.33169000       0.18587100       0.99788800E-01        1       1
       44   0.25919300E-03   0.11730200E-02   0.32119300E-03   0.91780700      -0.33366600       0.19042800       0.10017400            1       1
       45   0.12377900E-03   0.13089200E-02   0.65702100E-03   0.91948300      -0.33181200       0.18579500       0.99659800E-01        1       1
       46   0.18669500E-03   0.13181800E-02   0.46422400E-03   0.91954700      -0.33162900       0.18572000       0.99818400E-01        1       1
       47   0.34768500E-03   0.13108000E-02   0.74612700E-03   0.91890000      -0.33381800       0.18655500       0.96882000E-01        1       1
       48   0.27795200E-03   0.14844300E-02   0.63640100E-03   0.91924200      -0.33203800       0.18603000       0.10068700            1       1
       49   0.46451000E-04   0.15019500E-02   0.66254600E-03   0.91951900      -0.33176200       0.18565100       0.99759000E-01        1       1
       50   0.35843900E-03   0.12534400E-02   0.54790400E-03   0.91963300      -0.32904600       0.18910700       0.10120400            1       1
       51   0.60583900E-03   0.98603800E-04   0.76600400E-04   0.92042800      -0.32710400       0.18846600       0.10146800            1       1
       52   0.59154100E-03   0.25337000E-03   0.20958700E-03   0.92298900      -0.31267700       0.19715100       0.10703200            1       1
       53   0.43887300E-03   0.10906000E-03   0.31071100E-03   0.91956600      -0.33160500       0.18566100       0.99830300E-01        1       1
       54   0.73720600E-03   0.11774900E-04   0.37101700E-03   0.91824100      -0.33284200       0.18954200       0.10061700            1       1
       55   0.71423900E-03   0.22693100E-03   0.36553200E-03   0.92192400      -0.32778900       0.18138200       0.98545000E-01        1       1
       56   0.39645200E-03   0.31136400E-03   0.26293900E-03   0.91538400      -0.32569800       0.21072900       0.10763900            1       1
       57   0.39675200E-03   0.19613000E-03   0.93829300E-04   0.91859100      -0.33022600       0.19131200       0.10266800            1       1
       58   0.70697900E-03   0.24923700E-03   0.74495500E-03   0.87598500      -0.39603700       0.25208900       0.11070500            1       1
       59   0.38601700E-03   0.26350400E-03   0.67592400E-03   0.92003700      -0.32622400       0.19215700       0.10092500            1       1
       60   0.47122500E-03   0.13158400E-03   0.51244300E-03   0.91960600      -0.33144700       0.18571400       0.99887600E-01        1       1
       61   0.67907000E-03   0.14583600E-03   0.55054900E-03   0.91945400      -0.33318000       0.18390700       0.98858900E-01        1       1
       62   0.75505600E-03   0.51900500E-04   0.71199400E-03   0.92077500      -0.34725600       0.15932600       0.78749300E-01        1       1
       63   0.73233700E-03   0.34491300E-03   0.53274400E-03   0.88578300      -0.38320800       0.24118700       0.10182800            1       1
       64   0.49397600E-03   0.44414900E-04   0.69580200E-03   0.91401200      -0.35785600       0.17319700       0.80768200E-01        1       1
       65   0.52540700E-03   0.31370800E-03   0.42234300E-03   0.92001000      -0.33109000       0.18312300       0.10211300            1       1
       66   0.56264900E-03   0.36298100E-03   0.64440200E-03   0.91961300      -0.32251900       0.19960800       0.10223000            1       1
       67   0.54931200E-03   0.44650700E-03   0.27261300E-03   0.91653400      -0.32704200       0.20611900       0.10258500            1       1
       68   0.52442900E-03   0.58931000E-03   0.13401600E-03   0.91848000      -0.33350800       0.18752000       0.10001300            1       1
       69   0.46998400E-03   0.38551100E-03   0.89975900E-04   0.91969400      -0.33138100       0.18543600       0.99819500E-01        1       1
       70   0.72597600E-03   0.68816200E-03   0.10591900E-03   0.92074000      -0.32955000       0.18268000       0.10130600            1       1
       71   0.48271300E-03   0.63151000E-03   0.32524600E-03   0.90226000      -0.35534200       0.21712700       0.11186800            1       1
       72   0.68477900E-03   0.59786000E-03   0.28049600E-03   0.90832900      -0.33835100       0.21378400       0.12146700            1       1
       73   0.67934700E-03   0.45299500E-03   0.99610900E-04   0.91876100      -0.31830200       0.20776200       0.10675300            1       1
       74   0.41626100E-03   0.49177700E-03   0.69632000E-03   0.92032000      -0.32405500       0.19545300       0.98986700E-01        1       1
       75   0.42552300E-03   0.69002900E-03   0.73904200E-03   0.92068700      -0.32735700       0.18753700       0.10001000            1       1
       76   0.68788300E-03   0.69298100E-03   0.46701600E-03   0.91820400      -0.33288600       0.19350200       0.92979500E-01        1       1
       77   0.62372000E-03   0.60638800E-03   0.71881300E-03   0.91998400      -0.33891100       0.17387900       0.92382900E-01        1       1
       78   0.59765600E-03   0.49411700E-03   0.48016800E-03   0.91907300      -0.33297300       0.18799800       0.95344500E-01        1       1
       79   0.38636600E-03   0.47310500E-03   0.46426100E-03   0.91046200      -0.34432900       0.20413400       0.10404800            1       1
       80   0.49848000E-03   0.65819000E-03   0.55323000E-03   0.92758600      -0.33631200       0.14077900       0.81608900E-01        1       1
       81   0.65213700E-03   0.95108600E-03   0.15993800E-03   0.90461900      -0.31310800       0.26097700       0.12457600            1       1
       82   0.47395000E-03   0.98130600E-03   0.66741600E-04   0.92016700      -0.32948300       0.18538400       0.10181800            1       1
       83   0.40924900E-03   0.10468100E-02   0.26464400E-03   0.91890500      -0.33340100       0.18783600       0.95784700E-01        1       1
       84   0.54457600E-03   0.79459800E-03   0.89407100E-04   0.92355400      -0.32777400       0.17700100       0.91011500E-01        1       1
       85   0.75312500E-03   0.80886200E-03   0.26601900E-03   0.93678800      -0.32806400       0.97945400E-01   0.72174000E-01        1       1
       86   0.59362500E-03   0.10201600E-02   0.34301800E-03   0.92054200      -0.29972300       0.22178200       0.11653500            1       1
       87   0.55839300E-03   0.81777500E-03   0.32790000E-03   0.90475600      -0.36776200       0.18290700       0.11274800            1       1
       88   0.60061700E-03   0.11454400E-02   0.12259200E-03   0.91951000      -0.34290100       0.16969900       0.90127800E-01        1       1
       89   0.54031600E-03   0.10702900E-02   0.53608100E-03   0.91889400      -0.33333200       0.18760000       0.96595000E-01        1       1
       90   0.64495000E-03   0.10203500E-02   0.70251500E-03   0.91867100      -0.33700200       0.18189100       0.96893000E-01        1       1
       91   0.54263600E-03   0.84041800E-03   0.67146200E-03   0.92077700      -0.33497300       0.17424100       0.97991800E-01        1       1
       92   0.74297600E-03   0.11286500E-02   0.55103000E-03   0.92837900      -0.30719600       0.18332900       0.10067000            1       1
       93   0.74393100E-03   0.84006100E-03   0.68540900E-03   0.91697700      -0.32811500       0.20050300       0.10626000            1       1
       94   0.66863100E-03   0.90353500E-03   0.49697400E-03   0.91717500      -0.33450100       0.19175400       0.10064300            1       1
       95   0.43736600E-03   0.84171700E-03   0.49888300E-03   0.91257200      -0.34617200       0.19281100       0.10099900            1       1
       96   0.48284100E-03   0.11491400E-02   0.72385600E-03   0.92002700      -0.33087000       0.18482000       0.99580300E-01        1       1
       97   0.57998800E-03   0.15227800E-02   0.23764200E-03   0.91697200      -0.33608800       0.19134500       0.97944700E-01        1       1
       98   0.54420500E-03   0.13311500E-02   0.27848200E-04   0.91959100      -0.33170300       0.18557500       0.99435800E-01        1       1
       99   0.54796500E-03   0.13153700E-02   0.23999900E-03   0.90897900      -0.35890800       0.18911100       0.95805900E-01        1       1
      100   0.70998400E-03   0.14559300E-02   0.91343000E-04   0.91954200      -0.33157700       0.18582700       0.99833400E-01        1       1
      101   0.39451400E-03   0.14445800E-02   0.26327400E-03   0.91284800      -0.34867300       0.18657800       0.10161100            1       1
      102   0.40662800E-03   0.11950400E-02   0.12663100E-03   0.92592600      -0.31329100       0.18429500       0.10268800            1       1
      103   0.72265300E-03   0.12183000E-02   0.30080100E-03   0.92751000      -0.30535900       0.18047700       0.11794000            1       1
      104   0.55086200E-03   0.13062000E-02   0.59471400E-03   0.91954900      -0.33159000       0.18577500       0.99830800E-01        1       1
      105   0.63216600E-03   0.14888700E-02   0.57601400E-03   0.91990300      -0.33234800       0.18272800       0.99670700E-01        1       1
      106   0.73017500E-03   0.13295700E-02   0.50173800E-03   0.91892500      -0.33686100       0.18143200       0.95833300E-01        1       1
      107   0.49489200E-03   0.14312900E-02   0.44181400E-03   0.92035900      -0.33255200       0.18088900       0.98123300E-01        1       1
      108   0.71069800E-03   0.12067700E-02   0.73894800E-03   0.92262900      -0.32764300       0.17826200       0.98121000E-01        1       1
      109   0.46927000E-03   0.12044100E-02   0.38675300E-03   0.91434700      -0.34340400       0.19497600       0.89593900E-01        1       1
      110   0.86455000E-03   0.14918700E-03   0.79566200E-04   0.92352700      -0.32753100       0.17361800       0.98376900E-01        1       1
      111   0.10930400E-02   0.67238000E-04   0.33203700E-03   0.92093200      -0.33633600       0.17163500       0.96457200E-01        1       1
      112   0.88069500E-03   0.14425600E-03   0.28616600E-03   0.91895000      -0.33075000       0.18887800       0.10227700            1       1
      113   0.99348800E-03   0.28036300E-03   0.19024500E-03   0.92334600      -0.33051600       0.17191500       0.92929400E-01        1       1
      114   0.10552400E-02   0.95313000E-04   0.13075700E-03   0.92516200      -0.32449600       0.17466500       0.90931400E-01        1       1
      115   0.79091300E-03   0.30457000E-03   0.18291100E-03   0.92007700      -0.33188600       0.18350000       0.98173700E-01        1       1
      116   0.10546600E-02   0.25316600E-03  -0.87972100E-06   0.92128500      -0.32767100       0.18345300       0.10104700            1       1
      117   0.10736000E-02   0.27191200E-03   0.38315800E-03   0.92250300      -0.32378200       0.18402000       0.10143600            1       1
      118   0.11056100E-02   0.35845300E-03   0.59126700E-03   0.92309900      -0.31622800       0.19376000       0.10171000            1       1
      119   0.11065800E-02   0.10766800E-03   0.54887900E-03   0.92016700      -0.32613600       0.19055300       0.10304100            1       1
      120   0.95159700E-03   0.97105900E-04   0.67866800E-03   0.91638300      -0.33171000       0.19662000       0.10747800            1       1
      121   0.88180100E-03   0.14876700E-03   0.49784300E-03   0.92451600      -0.32182900       0.17851400       0.99144600E-01        1       1
      122   0.87892100E-03   0.33906700E-03   0.67187700E-03   0.91933500      -0.33590400       0.17932800       0.99159500E-01        1       1
      123   0.10753600E-02   0.60767200E-03   0.14472800E-03   0.92256300      -0.32348400       0.18375500       0.10232400            1       1
      124   0.99127700E-03   0.45058700E-03   0.49451200E-04   0.91904100      -0.33525100       0.18423800       0.95006300E-01        1       1
      125   0.10873700E-02   0.44115500E-03   0.27376200E-03   0.91963400      -0.33154600       0.18503400       0.10056500            1       1
      126   0.85041100E-03   0.52082600E-03   0.18404200E-03   0.92275700      -0.32342900       0.18080800       0.10593400            1       1
      127   0.93317800E-03   0.71380200E-03   0.24497100E-03   0.92915800      -0.30105300       0.18811700       0.10317300            1       1
      128   0.91490300E-03   0.67900700E-03   0.39700600E-04   0.91977400      -0.33106200       0.18619900       0.98716900E-01        1       1
      129   0.77587900E-03   0.43135600E-03   0.35106100E-03   0.91592000      -0.33953200       0.19185200       0.94870000E-01        1       1
      130   0.11283800E-02   0.67070500E-03   0.33116500E-03   0.91286600      -0.35599600       0.17963600       0.87603300E-01        1       1
      131   0.93049400E-03   0.55959400E-03   0.38218800E-03   0.90102200      -0.39506200       0.16162100       0.77224200E-01        1       1
      132   0.98851400E-03   0.51500000E-03   0.63531800E-03   0.92261600      -0.31845500       0.18762000       0.11029700            1       1
      133   0.10955200E-02   0.68609200E-03   0.64288400E-03   0.92276800      -0.33728900       0.16270700       0.90894200E-01        1       1
      134   0.11296500E-02   0.53053900E-03   0.49115700E-03   0.90966800      -0.35811200       0.18472100       0.10069200            1       1
      135   0.81166300E-03   0.52643800E-03   0.73119700E-03   0.91970500      -0.33092300       0.18451800       0.10288700            1       1
      136   0.87238700E-03   0.69736400E-03   0.61875800E-03   0.92249800      -0.32893500       0.17754500       0.96318300E-01        1       1
      137   0.79669700E-03   0.53527200E-03   0.52891800E-03   0.92443200      -0.32305500       0.17824500       0.96385600E-01        1       1
      138   0.92528300E-03   0.38162800E-03   0.47994800E-03   0.91574200      -0.34508600       0.18130700       0.97260600E-01        1       1
      139   0.10994700E-02   0.10460700E-02   0.29197600E-03   0.91598000      -0.33082200       0.20350700       0.10061000            1       1
      140   0.10261500E-02   0.10133200E-02   0.94431600E-04   0.91491900      -0.32674000       0.21493200       0.99837600E-01        1       1
      141   0.10764700E-02   0.81327600E-03   0.13877800E-03   0.92528200      -0.31240100       0.19189400       0.97133100E-01        1       1
      142   0.80769800E-03   0.10775600E-02   0.15124800E-03   0.92637600      -0.31494500       0.18010800       0.10098500            1       1
      143   0.84224100E-03   0.86847800E-03   0.85636600E-04   0.90009400      -0.33521400       0.25145700       0.11929600            1       1
      144   0.93385200E-03   0.93367100E-03   0.25410200E-03   0.91316900      -0.30352400       0.24565300       0.11683000            1       1
      145   0.79392500E-03   0.10327900E-02   0.35880000E-03   0.91253000      -0.32862400       0.20990200       0.12343800            1       1
      146   0.10747000E-02   0.86351700E-03   0.38258900E-03   0.91913600      -0.33363700       0.18531800       0.97633800E-01        1       1
      147   0.10260900E-02   0.10627800E-02   0.47760600E-03   0.91964400      -0.33101500       0.18605500       0.10033800            1       1
      148   0.97693700E-03   0.84445500E-03   0.70579900E-03   0.90947600      -0.36911100       0.16822400       0.91165900E-01        1       1
      149   0.87942300E-03   0.78980000E-03   0.42743300E-03   0.95075400      -0.28006400       0.10291800       0.83902700E-01        1       1
      150   0.86211300E-03   0.96094000E-03   0.53579700E-03   0.92702200      -0.32385400       0.15994400       0.10082600            1       1
      151   0.10767300E-02   0.10955000E-02   0.68943400E-03   0.91966800      -0.33097600       0.18565900       0.10097900            1       1
      152   0.84372700E-03   0.10204400E-02   0.73132200E-03   0.92304100      -0.33331400       0.15946800       0.10708200            1       1
      153   0.11191400E-02   0.91279000E-03   0.57640000E-03   0.91568900      -0.32926300       0.20353800       0.10803300            1       1
      154   0.10162900E-02   0.13666600E-02   0.27713900E-03   0.91740100      -0.33477100       0.19553500       0.89833400E-01        1       1
      155   0.85568400E-03   0.13101300E-02   0.11759400E-03   0.91956700      -0.33156400       0.18571700       0.99852200E-01        1       1
      156   0.10604500E-02   0.14358800E-02   0.45907600E-04   0.91957300      -0.33021200       0.18762200       0.10071900            1       1
      157   0.90904600E-03   0.15102200E-02   0.18693000E-03   0.92068800      -0.33618100       0.17532000       0.92622200E-01        1       1
      158   0.93439500E-03   0.11696400E-02   0.30075300E-03   0.92489700      -0.32094200       0.18199700       0.91859700E-01        1       1
      159   0.10461300E-02   0.12143000E-02   0.84590500E-04   0.92042000      -0.32880800       0.18711700       0.98484400E-01        1       1
      160   0.99121300E-03   0.12631200E-02   0.47930300E-03   0.91949900      -0.33174100       0.18575400       0.99822500E-01        1       1
      161   0.83541900E-03   0.13930100E-02   0.66832600E-03   0.91897300      -0.33337400       0.18663800       0.97549300E-01        1       1
      162   0.10710600E-02   0.13170100E-02   0.65795600E-03   0.91750900      -0.33525700       0.18926200       0.99803200E-01        1       1
      163   0.88816000E-03   0.14587200E-02   0.46701200E-03   0.91954700      -0.33159500       0.18571900       0.99933300E-01        1       1
      164   0.10942600E-02   0.14523700E-02   0.46376200E-03   0.91911800      -0.33335300       0.18477400       0.99780400E-01        1       1
      165   0.90658000E-03   0.12020500E-02   0.66686600E-03   0.92119800      -0.32451700       0.18623700       0.10676400            1       1
      166   0.14548700E-02   0.12729200E-03   0.14894500E-03   0.91955100      -0.33156000       0.18580800       0.99840600E-01        1       1
      167   0.13361600E-02   0.30364100E-03   0.58323800E-04   0.91951500      -0.33166700       0.18582900       0.99784000E-01        1       1
      168   0.13707200E-02   0.25157800E-03   0.30372500E-03   0.91653200      -0.33915900       0.18719500       0.99487600E-01        1       1
      169   0.13237900E-02   0.49190100E-04   0.27854900E-03   0.91920600      -0.34793000       0.16335800       0.85551200E-01        1       1
      170   0.12644800E-02   0.86640000E-04   0.85801600E-04   0.91974100      -0.34005700       0.17556400       0.87264200E-01        1       1
      171   0.11963400E-02   0.24328300E-03   0.20234800E-03   0.91533300      -0.34100000       0.19002300       0.98871000E-01        1       1
      172   0.14173700E-02   0.13685500E-03   0.71795800E-03   0.91957300      -0.33152400       0.18575800       0.99856400E-01        1       1
      173   0.13088600E-02   0.16506500E-03   0.47342800E-03   0.91955000      -0.33154400       0.18584100       0.99845100E-01        1       1
      174   0.15046300E-02   0.22173900E-03   0.52922800E-03   0.91928800      -0.32865300       0.19155300       0.10101400            1       1
      175   0.12324300E-02   0.20563100E-03   0.67139800E-03   0.91738800      -0.33416200       0.19114600       0.10098500            1       1
      176   0.12459600E-02   0.37031300E-03   0.41033700E-03   0.92099800      -0.32806900       0.18532800       0.98929800E-01        1       1
      177   0.13483800E-02   0.34829500E-03   0.59131500E-03   0.91705800      -0.33137200       0.19689900       0.10212200            1       1
      178   0.14180900E-02   0.50747800E-03   0.24011700E-04   0.92317000      -0.32497300       0.18018100       0.98411600E-01        1       1
      179   0.12727000E-02   0.53402100E-03   0.26631900E-03   0.92252900      -0.32461000       0.18252300       0.10126200            1       1
      180   0.14649700E-02   0.63944900E-03   0.17133800E-03   0.92011200      -0.33289300       0.18103100       0.99013900E-01        1       1
      181   0.13348500E-02   0.73096700E-03   0.31026800E-03   0.91713400      -0.34489900       0.17463800       0.97009100E-01        1       1
      182   0.14356900E-02   0.41482300E-03   0.20788100E-03   0.91681200      -0.33725900       0.18858600       0.10072900            1       1
      183   0.12128300E-02   0.47098900E-03   0.85184800E-04   0.92121700      -0.32727100       0.18544900       0.99306800E-01        1       1
      184   0.12626400E-02   0.67583900E-03   0.12465300E-03   0.92733000      -0.31980000       0.16843900       0.97031600E-01        1       1
      185   0.15000600E-02   0.61916000E-03   0.37062900E-03   0.92087700      -0.32850000       0.18650800       0.96370700E-01        1       1
      186   0.12487500E-02   0.53384400E-03   0.67500800E-03   0.91912000      -0.33187500       0.18712000       0.10031300            1       1
      187   0.14553800E-02   0.57005700E-03   0.60554400E-03   0.91155700      -0.35020200       0.19239000       0.96991200E-01        1       1
      188   0.14473400E-02   0.41259300E-03   0.40753700E-03   0.91949600      -0.33288000       0.18410300       0.99118900E-01        1       1
      189   0.13227500E-02   0.57740900E-03   0.45557300E-03   0.90957900      -0.34849200       0.20172100       0.10260600            1       1
      190   0.12884100E-02   0.74969300E-03   0.67888600E-03   0.92211000      -0.32855200       0.17719600       0.10182200            1       1
      191   0.14296500E-02   0.75758000E-03   0.52161100E-03   0.92807400      -0.30299200       0.18969200       0.10435900            1       1
      192   0.15249900E-02   0.99246500E-03   0.59211100E-04   0.91171200      -0.33937000       0.20621600       0.10528300            1       1
      193   0.14504200E-02   0.89328600E-03   0.34401300E-03   0.92281300      -0.33375400       0.16863800       0.92657200E-01        1       1
      194   0.12251200E-02   0.11345200E-02   0.16356300E-03   0.91859500      -0.33309400       0.18537200       0.10425200            1       1
      195   0.14216800E-02   0.83739400E-03   0.14621900E-03   0.90562300      -0.34871000       0.22012600       0.98959400E-01        1       1
      196   0.12457100E-02   0.90640600E-03   0.21806100E-03   0.92025000      -0.33364000       0.18099200       0.95216200E-01        1       1
      197   0.13977800E-02   0.10370400E-02   0.21252900E-03   0.92346500      -0.32431000       0.17888900       0.10016900            1       1
      198   0.13361300E-02   0.10497500E-02   0.14602100E-04   0.92096100      -0.33044900       0.18249000       0.96600100E-01        1       1
      199   0.13937600E-02   0.11438400E-02   0.59783600E-03   0.92086800      -0.32492400       0.18964500       0.10227800            1       1
      200   0.14645000E-02   0.83718900E-03   0.72449100E-03   0.91665800      -0.33718400       0.18992600       0.99861800E-01        1       1
      201   0.13315500E-02   0.93721600E-03   0.60687400E-03   0.91972800      -0.32791200       0.19032700       0.10172800            1       1
      202   0.15148400E-02   0.99058200E-03   0.51329400E-03   0.92285600      -0.31886300       0.19091300       0.10107300            1       1
      203   0.12621600E-02   0.95641900E-03   0.41107300E-03   0.89606900      -0.34561600       0.25221800       0.11830100            1       1
      204   0.14082500E-02   0.11459300E-02   0.38578300E-03   0.92344900      -0.32491700       0.17911800       0.97917200E-01        1       1
      205   0.12262900E-02   0.76654000E-03   0.47870800E-03   0.91167000      -0.33079300       0.21651500       0.11204800            1       1
      206   0.11912500E-02   0.90757900E-03   0.77202000E-03   0.92657400      -0.32458400       0.16702400       0.90602000E-01        1       1
      207   0.14569000E-02   0.14471700E-02   0.88546700E-04   0.91775700      -0.33377500       0.19028100       0.10054400            1       1
      208   0.12225900E-02   0.13050900E-02   0.37814500E-03   0.92436200      -0.32195400       0.17879400       0.99663800E-01        1       1
      209   0.15288700E-02   0.15189600E-02   0.28005500E-03   0.91771400      -0.33226900       0.19339800       0.99978600E-01        1       1
      210   0.14104000E-02   0.13563800E-02   0.32916100E-03   0.91908600      -0.33457500       0.18606300       0.93387000E-01        1       1
      211   0.13189200E-02   0.13123100E-02   0.14516800E-03   0.92009300      -0.32337500       0.19382300       0.10625300            1       1
      212   0.11809700E-02   0.14632100E-02   0.21059500E-03   0.91738800      -0.34590400       0.17504200       0.90050900E-01        1       1
      213   0.14389200E-02   0.13367500E-02   0.54052300E-03   0.91856400      -0.33515100       0.18489300       0.98634900E-01        1       1
      214   0.14835400E-02   0.12731300E-02   0.74902500E-03   0.91955800      -0.33152500       0.18583500       0.99853000E-01        1       1
      215   0.12656600E-02   0.12880600E-02   0.71303100E-03   0.92176700      -0.32731500       0.18216800       0.10012300            1       1
      216   0.13874100E-02   0.14781500E-02   0.67596700E-03   0.91952800      -0.33161600       0.18583500       0.99818100E-01        1       1
      217   0.11975100E-02   0.11610000E-02   0.52715500E-03   0.92182000      -0.32712900       0.18161900       0.10124000            1       1
      218   0.14052000E-02   0.15163700E-02   0.45472600E-03   0.91875600      -0.33212500       0.18854100       0.10015900            1       1
      219   0.11905000E-02   0.14890000E-02   0.64003400E-03   0.91708700      -0.33696800       0.18834800       0.99646600E-01        1       1
