Volume: 4.189155226666666e-12
Density: 2500.0
Mass: 1.0472888066666666e-08
equvi_diameter: 0.00020000580933491488
Inertia_tensor: 
 [[ 4.18885336e-17 -1.33463000e-21 -1.59181773e-22]
 [-1.33463000e-21  4.18927890e-17 -7.35328339e-22]
 [-1.59181773e-22 -7.35328339e-22  4.18913259e-17]]
Positions: 
0.0 0.0 6e-05 2e-05
1.552914e-05 0.0 5.795555e-05 2e-05
1.5e-05 4.019238e-06 5.795555e-05 2e-05
1.344863e-05 7.764571e-06 5.795555e-05 2e-05
1.098076e-05 1.098076e-05 5.795555e-05 2e-05
7.764571e-06 1.344863e-05 5.795555e-05 2e-05
4.019238e-06 1.5e-05 5.795555e-05 2e-05
9.508857e-22 1.552914e-05 5.795555e-05 2e-05
-4.019238e-06 1.5e-05 5.795555e-05 2e-05
-7.764571e-06 1.344863e-05 5.795555e-05 2e-05
-1.098076e-05 1.098076e-05 5.795555e-05 2e-05
-1.344863e-05 7.764571e-06 5.795555e-05 2e-05
-1.5e-05 4.019238e-06 5.795555e-05 2e-05
-1.552914e-05 1.901771e-21 5.795555e-05 2e-05
-1.5e-05 -4.019238e-06 5.795555e-05 2e-05
-1.344863e-05 -7.764571e-06 5.795555e-05 2e-05
-1.098076e-05 -1.098076e-05 5.795555e-05 2e-05
-7.764571e-06 -1.344863e-05 5.795555e-05 2e-05
-4.019238e-06 -1.5e-05 5.795555e-05 2e-05
-2.852657e-21 -1.552914e-05 5.795555e-05 2e-05
4.019238e-06 -1.5e-05 5.795555e-05 2e-05
7.764571e-06 -1.344863e-05 5.795555e-05 2e-05
1.098076e-05 -1.098076e-05 5.795555e-05 2e-05
1.344863e-05 -7.764571e-06 5.795555e-05 2e-05
1.5e-05 -4.019238e-06 5.795555e-05 2e-05
3e-05 0.0 5.196152e-05 2e-05
2.897777e-05 7.764571e-06 5.196152e-05 2e-05
2.598076e-05 1.5e-05 5.196152e-05 2e-05
2.12132e-05 2.12132e-05 5.196152e-05 2e-05
1.5e-05 2.598076e-05 5.196152e-05 2e-05
7.764571e-06 2.897777e-05 5.196152e-05 2e-05
1.83697e-21 3e-05 5.196152e-05 2e-05
-7.764571e-06 2.897777e-05 5.196152e-05 2e-05
-1.5e-05 2.598076e-05 5.196152e-05 2e-05
-2.12132e-05 2.12132e-05 5.196152e-05 2e-05
-2.598076e-05 1.5e-05 5.196152e-05 2e-05
-2.897777e-05 7.764571e-06 5.196152e-05 2e-05
-3e-05 3.67394e-21 5.196152e-05 2e-05
-2.897777e-05 -7.764571e-06 5.196152e-05 2e-05
-2.598076e-05 -1.5e-05 5.196152e-05 2e-05
-2.12132e-05 -2.12132e-05 5.196152e-05 2e-05
-1.5e-05 -2.598076e-05 5.196152e-05 2e-05
-7.764571e-06 -2.897777e-05 5.196152e-05 2e-05
-5.510911e-21 -3e-05 5.196152e-05 2e-05
7.764571e-06 -2.897777e-05 5.196152e-05 2e-05
1.5e-05 -2.598076e-05 5.196152e-05 2e-05
2.12132e-05 -2.12132e-05 5.196152e-05 2e-05
2.598076e-05 -1.5e-05 5.196152e-05 2e-05
2.897777e-05 -7.764571e-06 5.196152e-05 2e-05
4.242641e-05 0.0 4.242641e-05 2e-05
4.098076e-05 1.098076e-05 4.242641e-05 2e-05
3.674235e-05 2.12132e-05 4.242641e-05 2e-05
3e-05 3e-05 4.242641e-05 2e-05
2.12132e-05 3.674235e-05 4.242641e-05 2e-05
1.098076e-05 4.098076e-05 4.242641e-05 2e-05
2.597868e-21 4.242641e-05 4.242641e-05 2e-05
-1.098076e-05 4.098076e-05 4.242641e-05 2e-05
-2.12132e-05 3.674235e-05 4.242641e-05 2e-05
-3e-05 3e-05 4.242641e-05 2e-05
-3.674235e-05 2.12132e-05 4.242641e-05 2e-05
-4.098076e-05 1.098076e-05 4.242641e-05 2e-05
-4.242641e-05 5.195736e-21 4.242641e-05 2e-05
-4.098076e-05 -1.098076e-05 4.242641e-05 2e-05
-3.674235e-05 -2.12132e-05 4.242641e-05 2e-05
-3e-05 -3e-05 4.242641e-05 2e-05
-2.12132e-05 -3.674235e-05 4.242641e-05 2e-05
-1.098076e-05 -4.098076e-05 4.242641e-05 2e-05
-7.793605e-21 -4.242641e-05 4.242641e-05 2e-05
1.098076e-05 -4.098076e-05 4.242641e-05 2e-05
2.12132e-05 -3.674235e-05 4.242641e-05 2e-05
3e-05 -3e-05 4.242641e-05 2e-05
3.674235e-05 -2.12132e-05 4.242641e-05 2e-05
4.098076e-05 -1.098076e-05 4.242641e-05 2e-05
5.196152e-05 0.0 3e-05 2e-05
5.019098e-05 1.344863e-05 3e-05 2e-05
4.5e-05 2.598076e-05 3e-05 2e-05
3.674235e-05 3.674235e-05 3e-05 2e-05
2.598076e-05 4.5e-05 3e-05 2e-05
1.344863e-05 5.019098e-05 3e-05 2e-05
3.181726e-21 5.196152e-05 3e-05 2e-05
-1.344863e-05 5.019098e-05 3e-05 2e-05
-2.598076e-05 4.5e-05 3e-05 2e-05
-3.674235e-05 3.674235e-05 3e-05 2e-05
-4.5e-05 2.598076e-05 3e-05 2e-05
-5.019098e-05 1.344863e-05 3e-05 2e-05
-5.196152e-05 6.363451e-21 3e-05 2e-05
-5.019098e-05 -1.344863e-05 3e-05 2e-05
-4.5e-05 -2.598076e-05 3e-05 2e-05
-3.674235e-05 -3.674235e-05 3e-05 2e-05
-2.598076e-05 -4.5e-05 3e-05 2e-05
-1.344863e-05 -5.019098e-05 3e-05 2e-05
-9.545177e-21 -5.196152e-05 3e-05 2e-05
1.344863e-05 -5.019098e-05 3e-05 2e-05
2.598076e-05 -4.5e-05 3e-05 2e-05
3.674235e-05 -3.674235e-05 3e-05 2e-05
4.5e-05 -2.598076e-05 3e-05 2e-05
5.019098e-05 -1.344863e-05 3e-05 2e-05
5.795555e-05 0.0 1.552914e-05 2e-05
5.598076e-05 1.5e-05 1.552914e-05 2e-05
5.019098e-05 2.897777e-05 1.552914e-05 2e-05
4.098076e-05 4.098076e-05 1.552914e-05 2e-05
2.897777e-05 5.019098e-05 1.552914e-05 2e-05
1.5e-05 5.598076e-05 1.552914e-05 2e-05
3.548754e-21 5.795555e-05 1.552914e-05 2e-05
-1.5e-05 5.598076e-05 1.552914e-05 2e-05
-2.897777e-05 5.019098e-05 1.552914e-05 2e-05
-4.098076e-05 4.098076e-05 1.552914e-05 2e-05
-5.019098e-05 2.897777e-05 1.552914e-05 2e-05
-5.598076e-05 1.5e-05 1.552914e-05 2e-05
-5.795555e-05 7.097508e-21 1.552914e-05 2e-05
-5.598076e-05 -1.5e-05 1.552914e-05 2e-05
-5.019098e-05 -2.897777e-05 1.552914e-05 2e-05
-4.098076e-05 -4.098076e-05 1.552914e-05 2e-05
-2.897777e-05 -5.019098e-05 1.552914e-05 2e-05
-1.5e-05 -5.598076e-05 1.552914e-05 2e-05
-1.064626e-20 -5.795555e-05 1.552914e-05 2e-05
1.5e-05 -5.598076e-05 1.552914e-05 2e-05
2.897777e-05 -5.019098e-05 1.552914e-05 2e-05
4.098076e-05 -4.098076e-05 1.552914e-05 2e-05
5.019098e-05 -2.897777e-05 1.552914e-05 2e-05
5.598076e-05 -1.5e-05 1.552914e-05 2e-05
6e-05 0.0 3.67394e-21 2e-05
5.795555e-05 1.552914e-05 3.67394e-21 2e-05
5.196152e-05 3e-05 3.67394e-21 2e-05
4.242641e-05 4.242641e-05 3.67394e-21 2e-05
3e-05 5.196152e-05 3.67394e-21 2e-05
1.552914e-05 5.795555e-05 3.67394e-21 2e-05
3.67394e-21 6e-05 3.67394e-21 2e-05
-1.552914e-05 5.795555e-05 3.67394e-21 2e-05
-3e-05 5.196152e-05 3.67394e-21 2e-05
-4.242641e-05 4.242641e-05 3.67394e-21 2e-05
-5.196152e-05 3e-05 3.67394e-21 2e-05
-5.795555e-05 1.552914e-05 3.67394e-21 2e-05
-6e-05 7.347881e-21 3.67394e-21 2e-05
-5.795555e-05 -1.552914e-05 3.67394e-21 2e-05
-5.196152e-05 -3e-05 3.67394e-21 2e-05
-4.242641e-05 -4.242641e-05 3.67394e-21 2e-05
-3e-05 -5.196152e-05 3.67394e-21 2e-05
-1.552914e-05 -5.795555e-05 3.67394e-21 2e-05
-1.102182e-20 -6e-05 3.67394e-21 2e-05
1.552914e-05 -5.795555e-05 3.67394e-21 2e-05
3e-05 -5.196152e-05 3.67394e-21 2e-05
4.242641e-05 -4.242641e-05 3.67394e-21 2e-05
5.196152e-05 -3e-05 3.67394e-21 2e-05
5.795555e-05 -1.552914e-05 3.67394e-21 2e-05
5.795555e-05 0.0 -1.552914e-05 2e-05
5.598076e-05 1.5e-05 -1.552914e-05 2e-05
5.019098e-05 2.897777e-05 -1.552914e-05 2e-05
4.098076e-05 4.098076e-05 -1.552914e-05 2e-05
2.897777e-05 5.019098e-05 -1.552914e-05 2e-05
1.5e-05 5.598076e-05 -1.552914e-05 2e-05
3.548754e-21 5.795555e-05 -1.552914e-05 2e-05
-1.5e-05 5.598076e-05 -1.552914e-05 2e-05
-2.897777e-05 5.019098e-05 -1.552914e-05 2e-05
-4.098076e-05 4.098076e-05 -1.552914e-05 2e-05
-5.019098e-05 2.897777e-05 -1.552914e-05 2e-05
-5.598076e-05 1.5e-05 -1.552914e-05 2e-05
-5.795555e-05 7.097508e-21 -1.552914e-05 2e-05
-5.598076e-05 -1.5e-05 -1.552914e-05 2e-05
-5.019098e-05 -2.897777e-05 -1.552914e-05 2e-05
-4.098076e-05 -4.098076e-05 -1.552914e-05 2e-05
-2.897777e-05 -5.019098e-05 -1.552914e-05 2e-05
-1.5e-05 -5.598076e-05 -1.552914e-05 2e-05
-1.064626e-20 -5.795555e-05 -1.552914e-05 2e-05
1.5e-05 -5.598076e-05 -1.552914e-05 2e-05
2.897777e-05 -5.019098e-05 -1.552914e-05 2e-05
4.098076e-05 -4.098076e-05 -1.552914e-05 2e-05
5.019098e-05 -2.897777e-05 -1.552914e-05 2e-05
5.598076e-05 -1.5e-05 -1.552914e-05 2e-05
5.196152e-05 0.0 -3e-05 2e-05
5.019098e-05 1.344863e-05 -3e-05 2e-05
4.5e-05 2.598076e-05 -3e-05 2e-05
3.674235e-05 3.674235e-05 -3e-05 2e-05
2.598076e-05 4.5e-05 -3e-05 2e-05
1.344863e-05 5.019098e-05 -3e-05 2e-05
3.181726e-21 5.196152e-05 -3e-05 2e-05
-1.344863e-05 5.019098e-05 -3e-05 2e-05
-2.598076e-05 4.5e-05 -3e-05 2e-05
-3.674235e-05 3.674235e-05 -3e-05 2e-05
-4.5e-05 2.598076e-05 -3e-05 2e-05
-5.019098e-05 1.344863e-05 -3e-05 2e-05
-5.196152e-05 6.363451e-21 -3e-05 2e-05
-5.019098e-05 -1.344863e-05 -3e-05 2e-05
-4.5e-05 -2.598076e-05 -3e-05 2e-05
-3.674235e-05 -3.674235e-05 -3e-05 2e-05
-2.598076e-05 -4.5e-05 -3e-05 2e-05
-1.344863e-05 -5.019098e-05 -3e-05 2e-05
-9.545177e-21 -5.196152e-05 -3e-05 2e-05
1.344863e-05 -5.019098e-05 -3e-05 2e-05
2.598076e-05 -4.5e-05 -3e-05 2e-05
3.674235e-05 -3.674235e-05 -3e-05 2e-05
4.5e-05 -2.598076e-05 -3e-05 2e-05
5.019098e-05 -1.344863e-05 -3e-05 2e-05
4.242641e-05 0.0 -4.242641e-05 2e-05
4.098076e-05 1.098076e-05 -4.242641e-05 2e-05
3.674235e-05 2.12132e-05 -4.242641e-05 2e-05
3e-05 3e-05 -4.242641e-05 2e-05
2.12132e-05 3.674235e-05 -4.242641e-05 2e-05
1.098076e-05 4.098076e-05 -4.242641e-05 2e-05
2.597868e-21 4.242641e-05 -4.242641e-05 2e-05
-1.098076e-05 4.098076e-05 -4.242641e-05 2e-05
-2.12132e-05 3.674235e-05 -4.242641e-05 2e-05
-3e-05 3e-05 -4.242641e-05 2e-05
-3.674235e-05 2.12132e-05 -4.242641e-05 2e-05
-4.098076e-05 1.098076e-05 -4.242641e-05 2e-05
-4.242641e-05 5.195736e-21 -4.242641e-05 2e-05
-4.098076e-05 -1.098076e-05 -4.242641e-05 2e-05
-3.674235e-05 -2.12132e-05 -4.242641e-05 2e-05
-3e-05 -3e-05 -4.242641e-05 2e-05
-2.12132e-05 -3.674235e-05 -4.242641e-05 2e-05
-1.098076e-05 -4.098076e-05 -4.242641e-05 2e-05
-7.793605e-21 -4.242641e-05 -4.242641e-05 2e-05
1.098076e-05 -4.098076e-05 -4.242641e-05 2e-05
2.12132e-05 -3.674235e-05 -4.242641e-05 2e-05
3e-05 -3e-05 -4.242641e-05 2e-05
3.674235e-05 -2.12132e-05 -4.242641e-05 2e-05
4.098076e-05 -1.098076e-05 -4.242641e-05 2e-05
3e-05 0.0 -5.196152e-05 2e-05
2.897777e-05 7.764571e-06 -5.196152e-05 2e-05
2.598076e-05 1.5e-05 -5.196152e-05 2e-05
2.12132e-05 2.12132e-05 -5.196152e-05 2e-05
1.5e-05 2.598076e-05 -5.196152e-05 2e-05
7.764571e-06 2.897777e-05 -5.196152e-05 2e-05
1.83697e-21 3e-05 -5.196152e-05 2e-05
-7.764571e-06 2.897777e-05 -5.196152e-05 2e-05
-1.5e-05 2.598076e-05 -5.196152e-05 2e-05
-2.12132e-05 2.12132e-05 -5.196152e-05 2e-05
-2.598076e-05 1.5e-05 -5.196152e-05 2e-05
-2.897777e-05 7.764571e-06 -5.196152e-05 2e-05
-3e-05 3.67394e-21 -5.196152e-05 2e-05
-2.897777e-05 -7.764571e-06 -5.196152e-05 2e-05
-2.598076e-05 -1.5e-05 -5.196152e-05 2e-05
-2.12132e-05 -2.12132e-05 -5.196152e-05 2e-05
-1.5e-05 -2.598076e-05 -5.196152e-05 2e-05
-7.764571e-06 -2.897777e-05 -5.196152e-05 2e-05
-5.510911e-21 -3e-05 -5.196152e-05 2e-05
7.764571e-06 -2.897777e-05 -5.196152e-05 2e-05
1.5e-05 -2.598076e-05 -5.196152e-05 2e-05
2.12132e-05 -2.12132e-05 -5.196152e-05 2e-05
2.598076e-05 -1.5e-05 -5.196152e-05 2e-05
2.897777e-05 -7.764571e-06 -5.196152e-05 2e-05
1.552914e-05 0.0 -5.795555e-05 2e-05
1.5e-05 4.019238e-06 -5.795555e-05 2e-05
1.344863e-05 7.764571e-06 -5.795555e-05 2e-05
1.098076e-05 1.098076e-05 -5.795555e-05 2e-05
7.764571e-06 1.344863e-05 -5.795555e-05 2e-05
4.019238e-06 1.5e-05 -5.795555e-05 2e-05
9.508857e-22 1.552914e-05 -5.795555e-05 2e-05
-4.019238e-06 1.5e-05 -5.795555e-05 2e-05
-7.764571e-06 1.344863e-05 -5.795555e-05 2e-05
-1.098076e-05 1.098076e-05 -5.795555e-05 2e-05
-1.344863e-05 7.764571e-06 -5.795555e-05 2e-05
-1.5e-05 4.019238e-06 -5.795555e-05 2e-05
-1.552914e-05 1.901771e-21 -5.795555e-05 2e-05
-1.5e-05 -4.019238e-06 -5.795555e-05 2e-05
-1.344863e-05 -7.764571e-06 -5.795555e-05 2e-05
-1.098076e-05 -1.098076e-05 -5.795555e-05 2e-05
-7.764571e-06 -1.344863e-05 -5.795555e-05 2e-05
-4.019238e-06 -1.5e-05 -5.795555e-05 2e-05
-2.852657e-21 -1.552914e-05 -5.795555e-05 2e-05
4.019238e-06 -1.5e-05 -5.795555e-05 2e-05
7.764571e-06 -1.344863e-05 -5.795555e-05 2e-05
1.098076e-05 -1.098076e-05 -5.795555e-05 2e-05
1.344863e-05 -7.764571e-06 -5.795555e-05 2e-05
1.5e-05 -4.019238e-06 -5.795555e-05 2e-05
0.0 0.0 -6e-05 2e-05
0.0 0.0 0.0 0.0001
