 0.000000e+00   0.000000e+00   6.000000e-05    1.0e-05
 1.552914e-05   0.000000e+00   5.795555e-05    1.0e-05
 1.500000e-05   4.019238e-06   5.795555e-05    1.0e-05
 1.344863e-05   7.764571e-06   5.795555e-05    1.0e-05
 1.098076e-05   1.098076e-05   5.795555e-05    1.0e-05
 7.764571e-06   1.344863e-05   5.795555e-05    1.0e-05
 4.019238e-06   1.500000e-05   5.795555e-05    1.0e-05
 9.508857e-22   1.552914e-05   5.795555e-05    1.0e-05
-4.019238e-06   1.500000e-05   5.795555e-05    1.0e-05
-7.764571e-06   1.344863e-05   5.795555e-05    1.0e-05
-1.098076e-05   1.098076e-05   5.795555e-05    1.0e-05
-1.344863e-05   7.764571e-06   5.795555e-05    1.0e-05
-1.500000e-05   4.019238e-06   5.795555e-05    1.0e-05
-1.552914e-05   1.901771e-21   5.795555e-05    1.0e-05
-1.500000e-05  -4.019238e-06   5.795555e-05    1.0e-05
-1.344863e-05  -7.764571e-06   5.795555e-05    1.0e-05
-1.098076e-05  -1.098076e-05   5.795555e-05    1.0e-05
-7.764571e-06  -1.344863e-05   5.795555e-05    1.0e-05
-4.019238e-06  -1.500000e-05   5.795555e-05    1.0e-05
-2.852657e-21  -1.552914e-05   5.795555e-05    1.0e-05
 4.019238e-06  -1.500000e-05   5.795555e-05    1.0e-05
 7.764571e-06  -1.344863e-05   5.795555e-05    1.0e-05
 1.098076e-05  -1.098076e-05   5.795555e-05    1.0e-05
 1.344863e-05  -7.764571e-06   5.795555e-05    1.0e-05
 1.500000e-05  -4.019238e-06   5.795555e-05    1.0e-05
 3.000000e-05   0.000000e+00   5.196152e-05    1.0e-05
 2.897777e-05   7.764571e-06   5.196152e-05    1.0e-05
 2.598076e-05   1.500000e-05   5.196152e-05    1.0e-05
 2.121320e-05   2.121320e-05   5.196152e-05    1.0e-05
 1.500000e-05   2.598076e-05   5.196152e-05    1.0e-05
 7.764571e-06   2.897777e-05   5.196152e-05    1.0e-05
 1.836970e-21   3.000000e-05   5.196152e-05    1.0e-05
-7.764571e-06   2.897777e-05   5.196152e-05    1.0e-05
-1.500000e-05   2.598076e-05   5.196152e-05    1.0e-05
-2.121320e-05   2.121320e-05   5.196152e-05    1.0e-05
-2.598076e-05   1.500000e-05   5.196152e-05    1.0e-05
-2.897777e-05   7.764571e-06   5.196152e-05    1.0e-05
-3.000000e-05   3.673940e-21   5.196152e-05    1.0e-05
-2.897777e-05  -7.764571e-06   5.196152e-05    1.0e-05
-2.598076e-05  -1.500000e-05   5.196152e-05    1.0e-05
-2.121320e-05  -2.121320e-05   5.196152e-05    1.0e-05
-1.500000e-05  -2.598076e-05   5.196152e-05    1.0e-05
-7.764571e-06  -2.897777e-05   5.196152e-05    1.0e-05
-5.510911e-21  -3.000000e-05   5.196152e-05    1.0e-05
 7.764571e-06  -2.897777e-05   5.196152e-05    1.0e-05
 1.500000e-05  -2.598076e-05   5.196152e-05    1.0e-05
 2.121320e-05  -2.121320e-05   5.196152e-05    1.0e-05
 2.598076e-05  -1.500000e-05   5.196152e-05    1.0e-05
 2.897777e-05  -7.764571e-06   5.196152e-05    1.0e-05
 4.242641e-05   0.000000e+00   4.242641e-05    1.0e-05
 4.098076e-05   1.098076e-05   4.242641e-05    1.0e-05
 3.674235e-05   2.121320e-05   4.242641e-05    1.0e-05
 3.000000e-05   3.000000e-05   4.242641e-05    1.0e-05
 2.121320e-05   3.674235e-05   4.242641e-05    1.0e-05
 1.098076e-05   4.098076e-05   4.242641e-05    1.0e-05
 2.597868e-21   4.242641e-05   4.242641e-05    1.0e-05
-1.098076e-05   4.098076e-05   4.242641e-05    1.0e-05
-2.121320e-05   3.674235e-05   4.242641e-05    1.0e-05
-3.000000e-05   3.000000e-05   4.242641e-05    1.0e-05
-3.674235e-05   2.121320e-05   4.242641e-05    1.0e-05
-4.098076e-05   1.098076e-05   4.242641e-05    1.0e-05
-4.242641e-05   5.195736e-21   4.242641e-05    1.0e-05
-4.098076e-05  -1.098076e-05   4.242641e-05    1.0e-05
-3.674235e-05  -2.121320e-05   4.242641e-05    1.0e-05
-3.000000e-05  -3.000000e-05   4.242641e-05    1.0e-05
-2.121320e-05  -3.674235e-05   4.242641e-05    1.0e-05
-1.098076e-05  -4.098076e-05   4.242641e-05    1.0e-05
-7.793605e-21  -4.242641e-05   4.242641e-05    1.0e-05
 1.098076e-05  -4.098076e-05   4.242641e-05    1.0e-05
 2.121320e-05  -3.674235e-05   4.242641e-05    1.0e-05
 3.000000e-05  -3.000000e-05   4.242641e-05    1.0e-05
 3.674235e-05  -2.121320e-05   4.242641e-05    1.0e-05
 4.098076e-05  -1.098076e-05   4.242641e-05    1.0e-05
 5.196152e-05   0.000000e+00   3.000000e-05    1.0e-05
 5.019098e-05   1.344863e-05   3.000000e-05    1.0e-05
 4.500000e-05   2.598076e-05   3.000000e-05    1.0e-05
 3.674235e-05   3.674235e-05   3.000000e-05    1.0e-05
 2.598076e-05   4.500000e-05   3.000000e-05    1.0e-05
 1.344863e-05   5.019098e-05   3.000000e-05    1.0e-05
 3.181726e-21   5.196152e-05   3.000000e-05    1.0e-05
-1.344863e-05   5.019098e-05   3.000000e-05    1.0e-05
-2.598076e-05   4.500000e-05   3.000000e-05    1.0e-05
-3.674235e-05   3.674235e-05   3.000000e-05    1.0e-05
-4.500000e-05   2.598076e-05   3.000000e-05    1.0e-05
-5.019098e-05   1.344863e-05   3.000000e-05    1.0e-05
-5.196152e-05   6.363451e-21   3.000000e-05    1.0e-05
-5.019098e-05  -1.344863e-05   3.000000e-05    1.0e-05
-4.500000e-05  -2.598076e-05   3.000000e-05    1.0e-05
-3.674235e-05  -3.674235e-05   3.000000e-05    1.0e-05
-2.598076e-05  -4.500000e-05   3.000000e-05    1.0e-05
-1.344863e-05  -5.019098e-05   3.000000e-05    1.0e-05
-9.545177e-21  -5.196152e-05   3.000000e-05    1.0e-05
 1.344863e-05  -5.019098e-05   3.000000e-05    1.0e-05
 2.598076e-05  -4.500000e-05   3.000000e-05    1.0e-05
 3.674235e-05  -3.674235e-05   3.000000e-05    1.0e-05
 4.500000e-05  -2.598076e-05   3.000000e-05    1.0e-05
 5.019098e-05  -1.344863e-05   3.000000e-05    1.0e-05
 5.795555e-05   0.000000e+00   1.552914e-05    1.0e-05
 5.598076e-05   1.500000e-05   1.552914e-05    1.0e-05
 5.019098e-05   2.897777e-05   1.552914e-05    1.0e-05
 4.098076e-05   4.098076e-05   1.552914e-05    1.0e-05
 2.897777e-05   5.019098e-05   1.552914e-05    1.0e-05
 1.500000e-05   5.598076e-05   1.552914e-05    1.0e-05
 3.548754e-21   5.795555e-05   1.552914e-05    1.0e-05
-1.500000e-05   5.598076e-05   1.552914e-05    1.0e-05
-2.897777e-05   5.019098e-05   1.552914e-05    1.0e-05
-4.098076e-05   4.098076e-05   1.552914e-05    1.0e-05
-5.019098e-05   2.897777e-05   1.552914e-05    1.0e-05
-5.598076e-05   1.500000e-05   1.552914e-05    1.0e-05
-5.795555e-05   7.097508e-21   1.552914e-05    1.0e-05
-5.598076e-05  -1.500000e-05   1.552914e-05    1.0e-05
-5.019098e-05  -2.897777e-05   1.552914e-05    1.0e-05
-4.098076e-05  -4.098076e-05   1.552914e-05    1.0e-05
-2.897777e-05  -5.019098e-05   1.552914e-05    1.0e-05
-1.500000e-05  -5.598076e-05   1.552914e-05    1.0e-05
-1.064626e-20  -5.795555e-05   1.552914e-05    1.0e-05
 1.500000e-05  -5.598076e-05   1.552914e-05    1.0e-05
 2.897777e-05  -5.019098e-05   1.552914e-05    1.0e-05
 4.098076e-05  -4.098076e-05   1.552914e-05    1.0e-05
 5.019098e-05  -2.897777e-05   1.552914e-05    1.0e-05
 5.598076e-05  -1.500000e-05   1.552914e-05    1.0e-05
 6.000000e-05   0.000000e+00   3.673940e-21    1.0e-05
 5.795555e-05   1.552914e-05   3.673940e-21    1.0e-05
 5.196152e-05   3.000000e-05   3.673940e-21    1.0e-05
 4.242641e-05   4.242641e-05   3.673940e-21    1.0e-05
 3.000000e-05   5.196152e-05   3.673940e-21    1.0e-05
 1.552914e-05   5.795555e-05   3.673940e-21    1.0e-05
 3.673940e-21   6.000000e-05   3.673940e-21    1.0e-05
-1.552914e-05   5.795555e-05   3.673940e-21    1.0e-05
-3.000000e-05   5.196152e-05   3.673940e-21    1.0e-05
-4.242641e-05   4.242641e-05   3.673940e-21    1.0e-05
-5.196152e-05   3.000000e-05   3.673940e-21    1.0e-05
-5.795555e-05   1.552914e-05   3.673940e-21    1.0e-05
-6.000000e-05   7.347881e-21   3.673940e-21    1.0e-05
-5.795555e-05  -1.552914e-05   3.673940e-21    1.0e-05
-5.196152e-05  -3.000000e-05   3.673940e-21    1.0e-05
-4.242641e-05  -4.242641e-05   3.673940e-21    1.0e-05
-3.000000e-05  -5.196152e-05   3.673940e-21    1.0e-05
-1.552914e-05  -5.795555e-05   3.673940e-21    1.0e-05
-1.102182e-20  -6.000000e-05   3.673940e-21    1.0e-05
 1.552914e-05  -5.795555e-05   3.673940e-21    1.0e-05
 3.000000e-05  -5.196152e-05   3.673940e-21    1.0e-05
 4.242641e-05  -4.242641e-05   3.673940e-21    1.0e-05
 5.196152e-05  -3.000000e-05   3.673940e-21    1.0e-05
 5.795555e-05  -1.552914e-05   3.673940e-21    1.0e-05
 5.795555e-05   0.000000e+00  -1.552914e-05    1.0e-05
 5.598076e-05   1.500000e-05  -1.552914e-05    1.0e-05
 5.019098e-05   2.897777e-05  -1.552914e-05    1.0e-05
 4.098076e-05   4.098076e-05  -1.552914e-05    1.0e-05
 2.897777e-05   5.019098e-05  -1.552914e-05    1.0e-05
 1.500000e-05   5.598076e-05  -1.552914e-05    1.0e-05
 3.548754e-21   5.795555e-05  -1.552914e-05    1.0e-05
-1.500000e-05   5.598076e-05  -1.552914e-05    1.0e-05
-2.897777e-05   5.019098e-05  -1.552914e-05    1.0e-05
-4.098076e-05   4.098076e-05  -1.552914e-05    1.0e-05
-5.019098e-05   2.897777e-05  -1.552914e-05    1.0e-05
-5.598076e-05   1.500000e-05  -1.552914e-05    1.0e-05
-5.795555e-05   7.097508e-21  -1.552914e-05    1.0e-05
-5.598076e-05  -1.500000e-05  -1.552914e-05    1.0e-05
-5.019098e-05  -2.897777e-05  -1.552914e-05    1.0e-05
-4.098076e-05  -4.098076e-05  -1.552914e-05    1.0e-05
-2.897777e-05  -5.019098e-05  -1.552914e-05    1.0e-05
-1.500000e-05  -5.598076e-05  -1.552914e-05    1.0e-05
-1.064626e-20  -5.795555e-05  -1.552914e-05    1.0e-05
 1.500000e-05  -5.598076e-05  -1.552914e-05    1.0e-05
 2.897777e-05  -5.019098e-05  -1.552914e-05    1.0e-05
 4.098076e-05  -4.098076e-05  -1.552914e-05    1.0e-05
 5.019098e-05  -2.897777e-05  -1.552914e-05    1.0e-05
 5.598076e-05  -1.500000e-05  -1.552914e-05    1.0e-05
 5.196152e-05   0.000000e+00  -3.000000e-05    1.0e-05
 5.019098e-05   1.344863e-05  -3.000000e-05    1.0e-05
 4.500000e-05   2.598076e-05  -3.000000e-05    1.0e-05
 3.674235e-05   3.674235e-05  -3.000000e-05    1.0e-05
 2.598076e-05   4.500000e-05  -3.000000e-05    1.0e-05
 1.344863e-05   5.019098e-05  -3.000000e-05    1.0e-05
 3.181726e-21   5.196152e-05  -3.000000e-05    1.0e-05
-1.344863e-05   5.019098e-05  -3.000000e-05    1.0e-05
-2.598076e-05   4.500000e-05  -3.000000e-05    1.0e-05
-3.674235e-05   3.674235e-05  -3.000000e-05    1.0e-05
-4.500000e-05   2.598076e-05  -3.000000e-05    1.0e-05
-5.019098e-05   1.344863e-05  -3.000000e-05    1.0e-05
-5.196152e-05   6.363451e-21  -3.000000e-05    1.0e-05
-5.019098e-05  -1.344863e-05  -3.000000e-05    1.0e-05
-4.500000e-05  -2.598076e-05  -3.000000e-05    1.0e-05
-3.674235e-05  -3.674235e-05  -3.000000e-05    1.0e-05
-2.598076e-05  -4.500000e-05  -3.000000e-05    1.0e-05
-1.344863e-05  -5.019098e-05  -3.000000e-05    1.0e-05
-9.545177e-21  -5.196152e-05  -3.000000e-05    1.0e-05
 1.344863e-05  -5.019098e-05  -3.000000e-05    1.0e-05
 2.598076e-05  -4.500000e-05  -3.000000e-05    1.0e-05
 3.674235e-05  -3.674235e-05  -3.000000e-05    1.0e-05
 4.500000e-05  -2.598076e-05  -3.000000e-05    1.0e-05
 5.019098e-05  -1.344863e-05  -3.000000e-05    1.0e-05
 4.242641e-05   0.000000e+00  -4.242641e-05    1.0e-05
 4.098076e-05   1.098076e-05  -4.242641e-05    1.0e-05
 3.674235e-05   2.121320e-05  -4.242641e-05    1.0e-05
 3.000000e-05   3.000000e-05  -4.242641e-05    1.0e-05
 2.121320e-05   3.674235e-05  -4.242641e-05    1.0e-05
 1.098076e-05   4.098076e-05  -4.242641e-05    1.0e-05
 2.597868e-21   4.242641e-05  -4.242641e-05    1.0e-05
-1.098076e-05   4.098076e-05  -4.242641e-05    1.0e-05
-2.121320e-05   3.674235e-05  -4.242641e-05    1.0e-05
-3.000000e-05   3.000000e-05  -4.242641e-05    1.0e-05
-3.674235e-05   2.121320e-05  -4.242641e-05    1.0e-05
-4.098076e-05   1.098076e-05  -4.242641e-05    1.0e-05
-4.242641e-05   5.195736e-21  -4.242641e-05    1.0e-05
-4.098076e-05  -1.098076e-05  -4.242641e-05    1.0e-05
-3.674235e-05  -2.121320e-05  -4.242641e-05    1.0e-05
-3.000000e-05  -3.000000e-05  -4.242641e-05    1.0e-05
-2.121320e-05  -3.674235e-05  -4.242641e-05    1.0e-05
-1.098076e-05  -4.098076e-05  -4.242641e-05    1.0e-05
-7.793605e-21  -4.242641e-05  -4.242641e-05    1.0e-05
 1.098076e-05  -4.098076e-05  -4.242641e-05    1.0e-05
 2.121320e-05  -3.674235e-05  -4.242641e-05    1.0e-05
 3.000000e-05  -3.000000e-05  -4.242641e-05    1.0e-05
 3.674235e-05  -2.121320e-05  -4.242641e-05    1.0e-05
 4.098076e-05  -1.098076e-05  -4.242641e-05    1.0e-05
 3.000000e-05   0.000000e+00  -5.196152e-05    1.0e-05
 2.897777e-05   7.764571e-06  -5.196152e-05    1.0e-05
 2.598076e-05   1.500000e-05  -5.196152e-05    1.0e-05
 2.121320e-05   2.121320e-05  -5.196152e-05    1.0e-05
 1.500000e-05   2.598076e-05  -5.196152e-05    1.0e-05
 7.764571e-06   2.897777e-05  -5.196152e-05    1.0e-05
 1.836970e-21   3.000000e-05  -5.196152e-05    1.0e-05
-7.764571e-06   2.897777e-05  -5.196152e-05    1.0e-05
-1.500000e-05   2.598076e-05  -5.196152e-05    1.0e-05
-2.121320e-05   2.121320e-05  -5.196152e-05    1.0e-05
-2.598076e-05   1.500000e-05  -5.196152e-05    1.0e-05
-2.897777e-05   7.764571e-06  -5.196152e-05    1.0e-05
-3.000000e-05   3.673940e-21  -5.196152e-05    1.0e-05
-2.897777e-05  -7.764571e-06  -5.196152e-05    1.0e-05
-2.598076e-05  -1.500000e-05  -5.196152e-05    1.0e-05
-2.121320e-05  -2.121320e-05  -5.196152e-05    1.0e-05
-1.500000e-05  -2.598076e-05  -5.196152e-05    1.0e-05
-7.764571e-06  -2.897777e-05  -5.196152e-05    1.0e-05
-5.510911e-21  -3.000000e-05  -5.196152e-05    1.0e-05
 7.764571e-06  -2.897777e-05  -5.196152e-05    1.0e-05
 1.500000e-05  -2.598076e-05  -5.196152e-05    1.0e-05
 2.121320e-05  -2.121320e-05  -5.196152e-05    1.0e-05
 2.598076e-05  -1.500000e-05  -5.196152e-05    1.0e-05
 2.897777e-05  -7.764571e-06  -5.196152e-05    1.0e-05
 1.552914e-05   0.000000e+00  -5.795555e-05    1.0e-05
 1.500000e-05   4.019238e-06  -5.795555e-05    1.0e-05
 1.344863e-05   7.764571e-06  -5.795555e-05    1.0e-05
 1.098076e-05   1.098076e-05  -5.795555e-05    1.0e-05
 7.764571e-06   1.344863e-05  -5.795555e-05    1.0e-05
 4.019238e-06   1.500000e-05  -5.795555e-05    1.0e-05
 9.508857e-22   1.552914e-05  -5.795555e-05    1.0e-05
-4.019238e-06   1.500000e-05  -5.795555e-05    1.0e-05
-7.764571e-06   1.344863e-05  -5.795555e-05    1.0e-05
-1.098076e-05   1.098076e-05  -5.795555e-05    1.0e-05
-1.344863e-05   7.764571e-06  -5.795555e-05    1.0e-05
-1.500000e-05   4.019238e-06  -5.795555e-05    1.0e-05
-1.552914e-05   1.901771e-21  -5.795555e-05    1.0e-05
-1.500000e-05  -4.019238e-06  -5.795555e-05    1.0e-05
-1.344863e-05  -7.764571e-06  -5.795555e-05    1.0e-05
-1.098076e-05  -1.098076e-05  -5.795555e-05    1.0e-05
-7.764571e-06  -1.344863e-05  -5.795555e-05    1.0e-05
-4.019238e-06  -1.500000e-05  -5.795555e-05    1.0e-05
-2.852657e-21  -1.552914e-05  -5.795555e-05    1.0e-05
 4.019238e-06  -1.500000e-05  -5.795555e-05    1.0e-05
 7.764571e-06  -1.344863e-05  -5.795555e-05    1.0e-05
 1.098076e-05  -1.098076e-05  -5.795555e-05    1.0e-05
 1.344863e-05  -7.764571e-06  -5.795555e-05    1.0e-05
 1.500000e-05  -4.019238e-06  -5.795555e-05    1.0e-05
 0.000000e+00   0.000000e+00  -6.000000e-05    1.0e-05
 0.000000e+00   0.000000e+00   0.000000e+00    5.0e-05
