Volume: 1.0375418832518186e-12
Density: 2500.0
Mass: 2.5938547081295463e-09
equvi_diameter: 0.00012560367263737856
Inertia_tensor: 
 [[ 4.55213809e-18 -9.62370684e-23  4.49724293e-23]
 [-9.62370684e-23  4.55199931e-18  9.80056954e-23]
 [ 4.49724293e-23  9.80056954e-23  4.25116274e-18]]
Positions: 
0.0 0.0 6e-05 1e-05
2.052121e-05 0.0 5.638156e-05 1e-05
1.928363e-05 7.018667e-06 5.638156e-05 1e-05
1.572016e-05 1.319078e-05 5.638156e-05 1e-05
1.02606e-05 1.777189e-05 5.638156e-05 1e-05
3.56347e-06 2.020945e-05 5.638156e-05 1e-05
-3.56347e-06 2.020945e-05 5.638156e-05 1e-05
-1.02606e-05 1.777189e-05 5.638156e-05 1e-05
-1.572016e-05 1.319078e-05 5.638156e-05 1e-05
-1.928363e-05 7.018667e-06 5.638156e-05 1e-05
-2.052121e-05 2.513123e-21 5.638156e-05 1e-05
-1.928363e-05 -7.018667e-06 5.638156e-05 1e-05
-1.572016e-05 -1.319078e-05 5.638156e-05 1e-05
-1.02606e-05 -1.777189e-05 5.638156e-05 1e-05
-3.56347e-06 -2.020945e-05 5.638156e-05 1e-05
3.56347e-06 -2.020945e-05 5.638156e-05 1e-05
1.02606e-05 -1.777189e-05 5.638156e-05 1e-05
1.572016e-05 -1.319078e-05 5.638156e-05 1e-05
1.928363e-05 -7.018667e-06 5.638156e-05 1e-05
3.856726e-05 0.0 4.596267e-05 1e-05
3.624137e-05 1.319078e-05 4.596267e-05 1e-05
2.954423e-05 2.479055e-05 4.596267e-05 1e-05
1.928363e-05 3.340022e-05 4.596267e-05 1e-05
6.697134e-06 3.798133e-05 4.596267e-05 1e-05
-6.697134e-06 3.798133e-05 4.596267e-05 1e-05
-1.928363e-05 3.340022e-05 4.596267e-05 1e-05
-2.954423e-05 2.479055e-05 4.596267e-05 1e-05
-3.624137e-05 1.319078e-05 4.596267e-05 1e-05
-3.856726e-05 4.723127e-21 4.596267e-05 1e-05
-3.624137e-05 -1.319078e-05 4.596267e-05 1e-05
-2.954423e-05 -2.479055e-05 4.596267e-05 1e-05
-1.928363e-05 -3.340022e-05 4.596267e-05 1e-05
-6.697134e-06 -3.798133e-05 4.596267e-05 1e-05
6.697134e-06 -3.798133e-05 4.596267e-05 1e-05
1.928363e-05 -3.340022e-05 4.596267e-05 1e-05
2.954423e-05 -2.479055e-05 4.596267e-05 1e-05
3.624137e-05 -1.319078e-05 4.596267e-05 1e-05
5.196152e-05 0.0 3e-05 1e-05
4.882786e-05 1.777189e-05 3e-05 1e-05
3.980484e-05 3.340022e-05 3e-05 1e-05
2.598076e-05 4.5e-05 3e-05 1e-05
9.023024e-06 5.117211e-05 3e-05 1e-05
-9.023024e-06 5.117211e-05 3e-05 1e-05
-2.598076e-05 4.5e-05 3e-05 1e-05
-3.980484e-05 3.340022e-05 3e-05 1e-05
-4.882786e-05 1.777189e-05 3e-05 1e-05
-5.196152e-05 6.363451e-21 3e-05 1e-05
-4.882786e-05 -1.777189e-05 3e-05 1e-05
-3.980484e-05 -3.340022e-05 3e-05 1e-05
-2.598076e-05 -4.5e-05 3e-05 1e-05
-9.023024e-06 -5.117211e-05 3e-05 1e-05
9.023024e-06 -5.117211e-05 3e-05 1e-05
2.598076e-05 -4.5e-05 3e-05 1e-05
3.980484e-05 -3.340022e-05 3e-05 1e-05
4.882786e-05 -1.777189e-05 3e-05 1e-05
5.908847e-05 0.0 1.041889e-05 1e-05
5.552499e-05 2.020945e-05 1.041889e-05 1e-05
4.526439e-05 3.798133e-05 1.041889e-05 1e-05
2.954423e-05 5.117211e-05 1.041889e-05 1e-05
1.02606e-05 5.819078e-05 1.041889e-05 1e-05
-1.02606e-05 5.819078e-05 1.041889e-05 1e-05
-2.954423e-05 5.117211e-05 1.041889e-05 1e-05
-4.526439e-05 3.798133e-05 1.041889e-05 1e-05
-5.552499e-05 2.020945e-05 1.041889e-05 1e-05
-5.908847e-05 7.23625e-21 1.041889e-05 1e-05
-5.552499e-05 -2.020945e-05 1.041889e-05 1e-05
-4.526439e-05 -3.798133e-05 1.041889e-05 1e-05
-2.954423e-05 -5.117211e-05 1.041889e-05 1e-05
-1.02606e-05 -5.819078e-05 1.041889e-05 1e-05
1.02606e-05 -5.819078e-05 1.041889e-05 1e-05
2.954423e-05 -5.117211e-05 1.041889e-05 1e-05
4.526439e-05 -3.798133e-05 1.041889e-05 1e-05
5.552499e-05 -2.020945e-05 1.041889e-05 1e-05
5.908847e-05 0.0 -1.041889e-05 1e-05
5.552499e-05 2.020945e-05 -1.041889e-05 1e-05
4.526439e-05 3.798133e-05 -1.041889e-05 1e-05
2.954423e-05 5.117211e-05 -1.041889e-05 1e-05
1.02606e-05 5.819078e-05 -1.041889e-05 1e-05
-1.02606e-05 5.819078e-05 -1.041889e-05 1e-05
-2.954423e-05 5.117211e-05 -1.041889e-05 1e-05
-4.526439e-05 3.798133e-05 -1.041889e-05 1e-05
-5.552499e-05 2.020945e-05 -1.041889e-05 1e-05
-5.908847e-05 7.23625e-21 -1.041889e-05 1e-05
-5.552499e-05 -2.020945e-05 -1.041889e-05 1e-05
-4.526439e-05 -3.798133e-05 -1.041889e-05 1e-05
-2.954423e-05 -5.117211e-05 -1.041889e-05 1e-05
-1.02606e-05 -5.819078e-05 -1.041889e-05 1e-05
1.02606e-05 -5.819078e-05 -1.041889e-05 1e-05
2.954423e-05 -5.117211e-05 -1.041889e-05 1e-05
4.526439e-05 -3.798133e-05 -1.041889e-05 1e-05
5.552499e-05 -2.020945e-05 -1.041889e-05 1e-05
5.196152e-05 0.0 -3e-05 1e-05
4.882786e-05 1.777189e-05 -3e-05 1e-05
3.980484e-05 3.340022e-05 -3e-05 1e-05
2.598076e-05 4.5e-05 -3e-05 1e-05
9.023024e-06 5.117211e-05 -3e-05 1e-05
-9.023024e-06 5.117211e-05 -3e-05 1e-05
-2.598076e-05 4.5e-05 -3e-05 1e-05
-3.980484e-05 3.340022e-05 -3e-05 1e-05
-4.882786e-05 1.777189e-05 -3e-05 1e-05
-5.196152e-05 6.363451e-21 -3e-05 1e-05
-4.882786e-05 -1.777189e-05 -3e-05 1e-05
-3.980484e-05 -3.340022e-05 -3e-05 1e-05
-2.598076e-05 -4.5e-05 -3e-05 1e-05
-9.023024e-06 -5.117211e-05 -3e-05 1e-05
9.023024e-06 -5.117211e-05 -3e-05 1e-05
2.598076e-05 -4.5e-05 -3e-05 1e-05
3.980484e-05 -3.340022e-05 -3e-05 1e-05
4.882786e-05 -1.777189e-05 -3e-05 1e-05
3.856726e-05 0.0 -4.596267e-05 1e-05
3.624137e-05 1.319078e-05 -4.596267e-05 1e-05
2.954423e-05 2.479055e-05 -4.596267e-05 1e-05
1.928363e-05 3.340022e-05 -4.596267e-05 1e-05
6.697134e-06 3.798133e-05 -4.596267e-05 1e-05
-6.697134e-06 3.798133e-05 -4.596267e-05 1e-05
-1.928363e-05 3.340022e-05 -4.596267e-05 1e-05
-2.954423e-05 2.479055e-05 -4.596267e-05 1e-05
-3.624137e-05 1.319078e-05 -4.596267e-05 1e-05
-3.856726e-05 4.723127e-21 -4.596267e-05 1e-05
-3.624137e-05 -1.319078e-05 -4.596267e-05 1e-05
-2.954423e-05 -2.479055e-05 -4.596267e-05 1e-05
-1.928363e-05 -3.340022e-05 -4.596267e-05 1e-05
-6.697134e-06 -3.798133e-05 -4.596267e-05 1e-05
6.697134e-06 -3.798133e-05 -4.596267e-05 1e-05
1.928363e-05 -3.340022e-05 -4.596267e-05 1e-05
2.954423e-05 -2.479055e-05 -4.596267e-05 1e-05
3.624137e-05 -1.319078e-05 -4.596267e-05 1e-05
2.052121e-05 0.0 -5.638156e-05 1e-05
1.928363e-05 7.018667e-06 -5.638156e-05 1e-05
1.572016e-05 1.319078e-05 -5.638156e-05 1e-05
1.02606e-05 1.777189e-05 -5.638156e-05 1e-05
3.56347e-06 2.020945e-05 -5.638156e-05 1e-05
-3.56347e-06 2.020945e-05 -5.638156e-05 1e-05
-1.02606e-05 1.777189e-05 -5.638156e-05 1e-05
-1.572016e-05 1.319078e-05 -5.638156e-05 1e-05
-1.928363e-05 7.018667e-06 -5.638156e-05 1e-05
-2.052121e-05 2.513123e-21 -5.638156e-05 1e-05
-1.928363e-05 -7.018667e-06 -5.638156e-05 1e-05
-1.572016e-05 -1.319078e-05 -5.638156e-05 1e-05
-1.02606e-05 -1.777189e-05 -5.638156e-05 1e-05
-3.56347e-06 -2.020945e-05 -5.638156e-05 1e-05
3.56347e-06 -2.020945e-05 -5.638156e-05 1e-05
1.02606e-05 -1.777189e-05 -5.638156e-05 1e-05
1.572016e-05 -1.319078e-05 -5.638156e-05 1e-05
1.928363e-05 -7.018667e-06 -5.638156e-05 1e-05
0.0 0.0 -6e-05 1e-05
0.0 0.0 0.0 5e-05
