Volume: 4.1886992399999996e-12
Density: 2500.0
Mass: 1.0471748099999999e-08
equvi_diameter: 0.00019999855223997993
Inertia_tensor: 
 [[ 4.18861058e-17 -1.24486676e-21 -9.23564415e-22]
 [-1.24486676e-21  4.18893428e-17  4.63285413e-22]
 [-9.23564415e-22  4.63285413e-22  4.18868130e-17]]
Positions: 
0.0 0.0 6e-05 2e-05
3e-05 0.0 5.196152e-05 2e-05
2.598076e-05 1.5e-05 5.196152e-05 2e-05
1.5e-05 2.598076e-05 5.196152e-05 2e-05
0.0 3e-05 5.196152e-05 2e-05
-1.5e-05 2.598076e-05 5.196152e-05 2e-05
-2.598076e-05 1.5e-05 5.196152e-05 2e-05
-3e-05 0.0 5.196152e-05 2e-05
-2.598076e-05 -1.5e-05 5.196152e-05 2e-05
-1.5e-05 -2.598076e-05 5.196152e-05 2e-05
0.0 -3e-05 5.196152e-05 2e-05
1.5e-05 -2.598076e-05 5.196152e-05 2e-05
2.598076e-05 -1.5e-05 5.196152e-05 2e-05
5.196152e-05 0.0 3e-05 2e-05
4.5e-05 2.598076e-05 3e-05 2e-05
2.598076e-05 4.5e-05 3e-05 2e-05
0.0 5.196152e-05 3e-05 2e-05
-2.598076e-05 4.5e-05 3e-05 2e-05
-4.5e-05 2.598076e-05 3e-05 2e-05
-5.196152e-05 0.0 3e-05 2e-05
-4.5e-05 -2.598076e-05 3e-05 2e-05
-2.598076e-05 -4.5e-05 3e-05 2e-05
0.0 -5.196152e-05 3e-05 2e-05
2.598076e-05 -4.5e-05 3e-05 2e-05
4.5e-05 -2.598076e-05 3e-05 2e-05
6e-05 0.0 0.0 2e-05
5.196152e-05 3e-05 0.0 2e-05
3e-05 5.196152e-05 0.0 2e-05
0.0 6e-05 0.0 2e-05
-3e-05 5.196152e-05 0.0 2e-05
-5.196152e-05 3e-05 0.0 2e-05
-6e-05 0.0 0.0 2e-05
-5.196152e-05 -3e-05 0.0 2e-05
-3e-05 -5.196152e-05 0.0 2e-05
0.0 -6e-05 0.0 2e-05
3e-05 -5.196152e-05 0.0 2e-05
5.196152e-05 -3e-05 0.0 2e-05
5.196152e-05 0.0 -3e-05 2e-05
4.5e-05 2.598076e-05 -3e-05 2e-05
2.598076e-05 4.5e-05 -3e-05 2e-05
0.0 5.196152e-05 -3e-05 2e-05
-2.598076e-05 4.5e-05 -3e-05 2e-05
-4.5e-05 2.598076e-05 -3e-05 2e-05
-5.196152e-05 0.0 -3e-05 2e-05
-4.5e-05 -2.598076e-05 -3e-05 2e-05
-2.598076e-05 -4.5e-05 -3e-05 2e-05
0.0 -5.196152e-05 -3e-05 2e-05
2.598076e-05 -4.5e-05 -3e-05 2e-05
4.5e-05 -2.598076e-05 -3e-05 2e-05
3e-05 0.0 -5.196152e-05 2e-05
2.598076e-05 1.5e-05 -5.196152e-05 2e-05
1.5e-05 2.598076e-05 -5.196152e-05 2e-05
0.0 3e-05 -5.196152e-05 2e-05
-1.5e-05 2.598076e-05 -5.196152e-05 2e-05
-2.598076e-05 1.5e-05 -5.196152e-05 2e-05
-3e-05 0.0 -5.196152e-05 2e-05
-2.598076e-05 -1.5e-05 -5.196152e-05 2e-05
-1.5e-05 -2.598076e-05 -5.196152e-05 2e-05
0.0 -3e-05 -5.196152e-05 2e-05
1.5e-05 -2.598076e-05 -5.196152e-05 2e-05
2.598076e-05 -1.5e-05 -5.196152e-05 2e-05
0.0 0.0 -6e-05 2e-05
0.0 0.0 0.0 0.0001
