Volume: 6.994720444401025e-13
Density: 2500.0
Mass: 1.7486801111002562e-09
equvi_diameter: 0.00011013463407702381
Inertia_tensor: 
 [[ 2.43869337e-18 -4.79322894e-23  5.12521746e-23]
 [-4.79322894e-23  2.43861827e-18 -4.34207794e-23]
 [ 5.12521746e-23 -4.34207794e-23  2.26909297e-18]]
Positions: 
0.0 0.0 6e-05 1e-05
3.526712e-05 0.0 4.854102e-05 1e-05
2.85317e-05 2.072949e-05 4.854102e-05 1e-05
1.089814e-05 3.354102e-05 4.854102e-05 1e-05
-1.089814e-05 3.354102e-05 4.854102e-05 1e-05
-2.85317e-05 2.072949e-05 4.854102e-05 1e-05
-3.526712e-05 4.318976e-21 4.854102e-05 1e-05
-2.85317e-05 -2.072949e-05 4.854102e-05 1e-05
-1.089814e-05 -3.354102e-05 4.854102e-05 1e-05
1.089814e-05 -3.354102e-05 4.854102e-05 1e-05
2.85317e-05 -2.072949e-05 4.854102e-05 1e-05
5.706339e-05 0.0 1.854102e-05 1e-05
4.616525e-05 3.354102e-05 1.854102e-05 1e-05
1.763356e-05 5.427051e-05 1.854102e-05 1e-05
-1.763356e-05 5.427051e-05 1.854102e-05 1e-05
-4.616525e-05 3.354102e-05 1.854102e-05 1e-05
-5.706339e-05 6.98825e-21 1.854102e-05 1e-05
-4.616525e-05 -3.354102e-05 1.854102e-05 1e-05
-1.763356e-05 -5.427051e-05 1.854102e-05 1e-05
1.763356e-05 -5.427051e-05 1.854102e-05 1e-05
4.616525e-05 -3.354102e-05 1.854102e-05 1e-05
5.706339e-05 0.0 -1.854102e-05 1e-05
4.616525e-05 3.354102e-05 -1.854102e-05 1e-05
1.763356e-05 5.427051e-05 -1.854102e-05 1e-05
-1.763356e-05 5.427051e-05 -1.854102e-05 1e-05
-4.616525e-05 3.354102e-05 -1.854102e-05 1e-05
-5.706339e-05 6.98825e-21 -1.854102e-05 1e-05
-4.616525e-05 -3.354102e-05 -1.854102e-05 1e-05
-1.763356e-05 -5.427051e-05 -1.854102e-05 1e-05
1.763356e-05 -5.427051e-05 -1.854102e-05 1e-05
4.616525e-05 -3.354102e-05 -1.854102e-05 1e-05
3.526712e-05 0.0 -4.854102e-05 1e-05
2.85317e-05 2.072949e-05 -4.854102e-05 1e-05
1.089814e-05 3.354102e-05 -4.854102e-05 1e-05
-1.089814e-05 3.354102e-05 -4.854102e-05 1e-05
-2.85317e-05 2.072949e-05 -4.854102e-05 1e-05
-3.526712e-05 4.318976e-21 -4.854102e-05 1e-05
-2.85317e-05 -2.072949e-05 -4.854102e-05 1e-05
-1.089814e-05 -3.354102e-05 -4.854102e-05 1e-05
1.089814e-05 -3.354102e-05 -4.854102e-05 1e-05
2.85317e-05 -2.072949e-05 -4.854102e-05 1e-05
0.0 0.0 -6e-05 1e-05
0.0 0.0 0.0 5e-05
