Volume: 6.325431207200002e-13
Density: 2500.0
Mass: 1.5813578018000006e-09
equvi_diameter: 0.00010650348971574981
Inertia_tensor: 
 [[ 1.99851259e-18 -3.04195361e-23 -9.93537629e-23]
 [-3.04195361e-23  1.99848296e-18  1.41902221e-22]
 [-9.93537629e-23  1.41902221e-22  1.92331770e-18]]
Positions: 
0.0 0.0 6e-05 1e-05
4.242641e-05 0.0 4.242641e-05 1e-05
3e-05 3e-05 4.242641e-05 1e-05
0.0 4.242641e-05 4.242641e-05 1e-05
-3e-05 3e-05 4.242641e-05 1e-05
-4.242641e-05 0.0 4.242641e-05 1e-05
-3e-05 -3e-05 4.242641e-05 1e-05
0.0 -4.242641e-05 4.242641e-05 1e-05
3e-05 -3e-05 4.242641e-05 1e-05
6e-05 0.0 0.0 1e-05
4.242641e-05 4.242641e-05 0.0 1e-05
0.0 6e-05 0.0 1e-05
-4.242641e-05 4.242641e-05 0.0 1e-05
-6e-05 0.0 0.0 1e-05
-4.242641e-05 -4.242641e-05 0.0 1e-05
0.0 -6e-05 0.0 1e-05
4.242641e-05 -4.242641e-05 0.0 1e-05
4.242641e-05 0.0 -4.242641e-05 1e-05
3e-05 3e-05 -4.242641e-05 1e-05
0.0 4.242641e-05 -4.242641e-05 1e-05
-3e-05 3e-05 -4.242641e-05 1e-05
-4.242641e-05 0.0 -4.242641e-05 1e-05
-3e-05 -3e-05 -4.242641e-05 1e-05
0.0 -4.242641e-05 -4.242641e-05 1e-05
3e-05 -3e-05 -4.242641e-05 1e-05
0.0 0.0 -6e-05 1e-05
0.0 0.0 0.0 5e-05
