 0.000000e+00   0.000000e+00   6.000000e-05   2.0e-05
 4.242641e-05   0.000000e+00   4.242641e-05   2.0e-05
 3.000000e-05   3.000000e-05   4.242641e-05   2.0e-05
 0.000000e+00   4.242641e-05   4.242641e-05   2.0e-05
-3.000000e-05   3.000000e-05   4.242641e-05   2.0e-05
-4.242641e-05   0.000000e+00   4.242641e-05   2.0e-05
-3.000000e-05  -3.000000e-05   4.242641e-05   2.0e-05
 0.000000e+00  -4.242641e-05   4.242641e-05   2.0e-05
 3.000000e-05  -3.000000e-05   4.242641e-05   2.0e-05
 6.000000e-05   0.000000e+00   0.000000e+00   2.0e-05
 4.242641e-05   4.242641e-05   0.000000e+00   2.0e-05
 0.000000e+00   6.000000e-05   0.000000e+00   2.0e-05
-4.242641e-05   4.242641e-05   0.000000e+00   2.0e-05
-6.000000e-05   0.000000e+00   0.000000e+00   2.0e-05
-4.242641e-05  -4.242641e-05   0.000000e+00   2.0e-05
 0.000000e+00  -6.000000e-05   0.000000e+00   2.0e-05
 4.242641e-05  -4.242641e-05   0.000000e+00   2.0e-05
 4.242641e-05   0.000000e+00  -4.242641e-05   2.0e-05
 3.000000e-05   3.000000e-05  -4.242641e-05   2.0e-05
 0.000000e+00   4.242641e-05  -4.242641e-05   2.0e-05
-3.000000e-05   3.000000e-05  -4.242641e-05   2.0e-05
-4.242641e-05   0.000000e+00  -4.242641e-05   2.0e-05
-3.000000e-05  -3.000000e-05  -4.242641e-05   2.0e-05
 0.000000e+00  -4.242641e-05  -4.242641e-05   2.0e-05
 3.000000e-05  -3.000000e-05  -4.242641e-05   2.0e-05
 0.000000e+00   0.000000e+00  -6.000000e-05   2.0e-05
 0.000000e+00   0.000000e+00   0.000000e+00   1.0e-04
