Volume: 4.1886604133333335e-12
Density: 2500.0
Mass: 1.0471651033333333e-08
equvi_diameter: 0.00019999793428353174
Inertia_tensor: 
 [[ 4.18875823e-17 -5.83751749e-22  8.22661558e-22]
 [-5.83751749e-22  4.18881160e-17  1.43470295e-21]
 [ 8.22661558e-22  1.43470295e-21  4.18889831e-17]]
Positions: 
-1.231024e-05 -3.730578e-06 -5.860576e-05 2e-05
8.586957e-06 -1.634209e-07 -5.936901e-05 2e-05
-2.811398e-05 -2.595618e-05 -4.610518e-05 2e-05
-1.297014e-05 3.183183e-05 -4.939274e-05 2e-05
1.936207e-05 -2.991338e-05 -4.805464e-05 2e-05
-5.114911e-05 -1.810349e-06 -3.144228e-05 2e-05
2.612366e-05 2.881712e-05 -4.581974e-05 2e-05
-1.127037e-05 -5.120451e-05 -2.86868e-05 2e-05
-3.71023e-05 3.990163e-05 -2.571832e-05 2e-05
4.656691e-05 -1.164955e-05 -3.578535e-05 2e-05
-5.06562e-05 -3.028433e-05 -1.039284e-05 2e-05
1.064461e-05 5.372236e-05 -2.510599e-05 2e-05
2.300697e-05 -5.255281e-05 -1.654528e-05 2e-05
-5.655574e-05 2.055081e-05 -1.136206e-06 2e-05
5.228268e-05 2.161488e-05 -2.006536e-05 2e-05
-2.5769e-05 -5.368055e-05 5.221051e-06 2e-05
-1.760045e-05 5.768175e-05 -2.916207e-07 2e-05
5.13623e-05 -3.01961e-05 -4.796998e-06 2e-05
-5.550015e-05 -1.107031e-05 2.001205e-05 2e-05
3.544568e-05 4.863295e-05 7.864353e-07 2e-05
1.020405e-05 -5.628929e-05 1.709555e-05 2e-05
-3.889374e-05 3.88582e-05 2.463794e-05 2e-05
5.890465e-05 3.251775e-06 1.052951e-05 2e-05
-3.22319e-05 -3.533041e-05 3.602287e-05 2e-05
8.433688e-06 5.405369e-05 2.524331e-05 2e-05
3.785544e-05 -3.592245e-05 2.912728e-05 2e-05
-3.789066e-05 9.746727e-06 4.562477e-05 2e-05
4.335804e-05 2.734392e-05 3.131319e-05 2e-05
5.002388e-07 -3.518113e-05 4.838374e-05 2e-05
-7.149383e-06 3.410566e-05 4.905939e-05 2e-05
3.768531e-05 -5.411837e-06 4.626377e-05 2e-05
-7.200546e-06 -4.380248e-06 5.939199e-05 2e-05
1.213051e-05 4.319604e-06 5.860279e-05 2e-05
-8.986482e-08 2.94513e-07 -1.488965e-09 0.0001
