0.000000e+00 0.000000e+00 6.000000e-05 1.000000e-05
3.000000e-05 0.000000e+00 5.196152e-05 1.000000e-05
2.598076e-05 1.500000e-05 5.196152e-05 1.000000e-05
1.500000e-05 2.598076e-05 5.196152e-05 1.000000e-05
0.000000e+00 3.000000e-05 5.196152e-05 1.000000e-05
-1.500000e-05 2.598076e-05 5.196152e-05 1.000000e-05
-2.598076e-05 1.500000e-05 5.196152e-05 1.000000e-05
-3.000000e-05 0.000000e+00 5.196152e-05 1.000000e-05
-2.598076e-05 -1.500000e-05 5.196152e-05 1.000000e-05
-1.500000e-05 -2.598076e-05 5.196152e-05 1.000000e-05
0.000000e+00 -3.000000e-05 5.196152e-05 1.000000e-05
1.500000e-05 -2.598076e-05 5.196152e-05 1.000000e-05
2.598076e-05 -1.500000e-05 5.196152e-05 1.000000e-05
5.196152e-05 0.000000e+00 3.000000e-05 1.000000e-05
4.500000e-05 2.598076e-05 3.000000e-05 1.000000e-05
2.598076e-05 4.500000e-05 3.000000e-05 1.000000e-05
0.000000e+00 5.196152e-05 3.000000e-05 1.000000e-05
-2.598076e-05 4.500000e-05 3.000000e-05 1.000000e-05
-4.500000e-05 2.598076e-05 3.000000e-05 1.000000e-05
-5.196152e-05 0.000000e+00 3.000000e-05 1.000000e-05
-4.500000e-05 -2.598076e-05 3.000000e-05 1.000000e-05
-2.598076e-05 -4.500000e-05 3.000000e-05 1.000000e-05
0.000000e+00 -5.196152e-05 3.000000e-05 1.000000e-05
2.598076e-05 -4.500000e-05 3.000000e-05 1.000000e-05
4.500000e-05 -2.598076e-05 3.000000e-05 1.000000e-05
6.000000e-05 0.000000e+00 0.000000e+00 1.000000e-05
5.196152e-05 3.000000e-05 0.000000e+00 1.000000e-05
3.000000e-05 5.196152e-05 0.000000e+00 1.000000e-05
0.000000e+00 6.000000e-05 0.000000e+00 1.000000e-05
-3.000000e-05 5.196152e-05 0.000000e+00 1.000000e-05
-5.196152e-05 3.000000e-05 0.000000e+00 1.000000e-05
-6.000000e-05 0.000000e+00 0.000000e+00 1.000000e-05
-5.196152e-05 -3.000000e-05 0.000000e+00 1.000000e-05
-3.000000e-05 -5.196152e-05 0.000000e+00 1.000000e-05
0.000000e+00 -6.000000e-05 0.000000e+00 1.000000e-05
3.000000e-05 -5.196152e-05 0.000000e+00 1.000000e-05
5.196152e-05 -3.000000e-05 0.000000e+00 1.000000e-05
5.196152e-05 0.000000e+00 -3.000000e-05 1.000000e-05
4.500000e-05 2.598076e-05 -3.000000e-05 1.000000e-05
2.598076e-05 4.500000e-05 -3.000000e-05 1.000000e-05
0.000000e+00 5.196152e-05 -3.000000e-05 1.000000e-05
-2.598076e-05 4.500000e-05 -3.000000e-05 1.000000e-05
-4.500000e-05 2.598076e-05 -3.000000e-05 1.000000e-05
-5.196152e-05 0.000000e+00 -3.000000e-05 1.000000e-05
-4.500000e-05 -2.598076e-05 -3.000000e-05 1.000000e-05
-2.598076e-05 -4.500000e-05 -3.000000e-05 1.000000e-05
0.000000e+00 -5.196152e-05 -3.000000e-05 1.000000e-05
2.598076e-05 -4.500000e-05 -3.000000e-05 1.000000e-05
4.500000e-05 -2.598076e-05 -3.000000e-05 1.000000e-05
3.000000e-05 0.000000e+00 -5.196152e-05 1.000000e-05
2.598076e-05 1.500000e-05 -5.196152e-05 1.000000e-05
1.500000e-05 2.598076e-05 -5.196152e-05 1.000000e-05
0.000000e+00 3.000000e-05 -5.196152e-05 1.000000e-05
-1.500000e-05 2.598076e-05 -5.196152e-05 1.000000e-05
-2.598076e-05 1.500000e-05 -5.196152e-05 1.000000e-05
-3.000000e-05 0.000000e+00 -5.196152e-05 1.000000e-05
-2.598076e-05 -1.500000e-05 -5.196152e-05 1.000000e-05
-1.500000e-05 -2.598076e-05 -5.196152e-05 1.000000e-05
0.000000e+00 -3.000000e-05 -5.196152e-05 1.000000e-05
1.500000e-05 -2.598076e-05 -5.196152e-05 1.000000e-05
2.598076e-05 -1.500000e-05 -5.196152e-05 1.000000e-05
0.000000e+00 0.000000e+00 -6.000000e-05 1.000000e-05
0.000000e+00 0.000000e+00 0.000000e+00 5.000000e-05
