1.355099e-05 6.211276e-07 -5.844983e-05 2.000000e-05
2.387622e-06 -2.351592e-05 -5.487463e-05 2.000000e-05
-1.066952e-06 3.448364e-05 -4.952537e-05 2.000000e-05
4.645851e-05 -1.926485e-05 -3.234154e-05 2.000000e-05
-3.707023e-05 -1.166591e-05 -4.554552e-05 2.000000e-05
3.410365e-05 4.436579e-05 -2.289715e-05 2.000000e-05
1.455714e-05 -5.355849e-05 -2.125364e-05 2.000000e-05
-4.005661e-05 3.561891e-05 -2.776790e-05 2.000000e-05
5.978023e-05 5.552898e-06 1.537965e-06 2.000000e-05
-3.808625e-05 -4.324263e-05 -1.498068e-05 2.000000e-05
2.189861e-07 6.062985e-05 4.129020e-08 2.000000e-05
3.777281e-05 -4.353699e-05 1.492159e-05 2.000000e-05
-5.973855e-05 5.986672e-06 -1.530106e-06 2.000000e-05
4.031272e-05 3.529078e-05 2.781619e-05 2.000000e-05
-1.494375e-05 -5.348084e-05 2.118074e-05 2.000000e-05
-3.378240e-05 4.457976e-05 2.295773e-05 2.000000e-05
3.698477e-05 -1.199541e-05 4.552941e-05 2.000000e-05
-4.659662e-05 -1.897278e-05 3.231550e-05 2.000000e-05
1.315777e-06 3.440755e-05 4.957229e-05 2.000000e-05
-2.557700e-06 -2.357278e-05 5.484256e-05 2.000000e-05
-1.354644e-05 6.393878e-07 5.845068e-05 2.000000e-05
2.276399e-09 6.302577e-07 4.292187e-10 1.000000e-04
