       1  -9.810601e-06  -1.304933e-06   5.917829e-05
       1  -1.793995e-06  -1.547472e-05   5.790635e-05
       1  -3.737200e-06   2.077863e-05   5.621798e-05
       1  -3.129050e-05  -1.628748e-05   4.849479e-05
       1   2.227944e-05  -6.033010e-06   5.536499e-05
       1  -2.944471e-05   2.619318e-05   4.533312e-05
       1  -1.010264e-05  -3.859124e-05   4.469912e-05
       1   2.147944e-05   2.679386e-05   4.927586e-05
       1  -4.895420e-05  -1.605019e-06   3.466254e-05
       1   2.661117e-05  -3.045432e-05   4.421942e-05
       1  -1.116667e-05   4.557634e-05   3.756872e-05
       1  -3.402371e-05  -3.955618e-05   2.944782e-05
       1   4.282007e-05   8.864183e-06   4.110617e-05
       1  -4.836173e-05   2.617598e-05   2.417434e-05
       1   9.794043e-06  -5.108331e-05   2.966381e-05
       1   1.907647e-05   4.760073e-05   3.136151e-05
       1  -5.437854e-05  -2.011588e-05   1.528621e-05
       1   4.761641e-05  -2.076887e-05   2.991009e-05
       1  -2.799198e-05   5.046360e-05   1.687632e-05
       1  -1.869196e-05  -5.523496e-05   1.357850e-05
       1   4.629792e-05   2.966746e-05   2.416575e-05
       1  -5.880424e-05   1.139932e-05   4.058191e-06
       1   3.262744e-05  -4.775957e-05   1.550168e-05
       1   4.835140e-06   5.887844e-05   1.125338e-05
       1  -4.527105e-05  -3.920869e-05  -1.697502e-06
       1   5.828389e-05  -1.413868e-06   1.412504e-05
       1  -4.317316e-05   4.163728e-05  -3.879145e-06
       1   3.971706e-06  -5.972006e-05  -8.027156e-07
       1   3.728707e-05   4.686805e-05   5.068772e-06
       1  -5.760862e-05  -8.739791e-06  -1.426152e-05
       1   5.006672e-05  -3.290082e-05   7.282557e-07
       1  -1.260817e-05   5.799977e-05  -9.682384e-06
       1  -2.604430e-05  -5.122695e-05  -1.683219e-05
       1   5.676994e-05   1.918919e-05  -3.647042e-06
       1  -4.986126e-05   2.391232e-05  -2.344557e-05
       1   2.581638e-05  -5.189053e-05  -1.501840e-05
       1   2.103402e-05   5.415887e-05  -1.547006e-05
       1  -4.450053e-05  -2.608261e-05  -3.053984e-05
       1   5.653588e-05  -1.232268e-05  -1.572223e-05
       1  -2.526671e-05   4.547794e-05  -3.011041e-05
       1  -2.997100e-06  -5.111808e-05  -3.103753e-05
       1   4.442713e-05   3.298612e-05  -2.337912e-05
       1  -4.368981e-05   4.213489e-06  -4.093039e-05
       1   3.890900e-05  -3.390086e-05  -3.043518e-05
       1   4.967117e-06   4.764243e-05  -3.631573e-05
       1  -2.242336e-05  -3.251527e-05  -4.506582e-05
       1   4.867396e-05   5.818838e-06  -3.460590e-05
       1  -2.492553e-05   2.502298e-05  -4.857937e-05
       1   1.504367e-05  -3.570382e-05  -4.569774e-05
       1   2.563675e-05   3.106472e-05  -4.456349e-05
       1  -2.138301e-05  -7.446007e-06  -5.554617e-05
       1   3.308516e-05  -1.069761e-05  -4.885750e-05
       1   8.531282e-07   2.258736e-05  -5.563508e-05
       1   3.724017e-06  -1.354583e-05  -5.829643e-05
       1   9.791673e-06   1.589539e-06  -5.917446e-05
       2  -9.463932e-09   1.423033e-07   1.912741e-09