0.000000e+00 0.000000e+00 6.000000e-05 2.000000e-05
2.052121e-05 0.000000e+00 5.638156e-05 2.000000e-05
1.928363e-05 7.018667e-06 5.638156e-05 2.000000e-05
1.572016e-05 1.319078e-05 5.638156e-05 2.000000e-05
1.026060e-05 1.777189e-05 5.638156e-05 2.000000e-05
3.563470e-06 2.020945e-05 5.638156e-05 2.000000e-05
-3.563470e-06 2.020945e-05 5.638156e-05 2.000000e-05
-1.026060e-05 1.777189e-05 5.638156e-05 2.000000e-05
-1.572016e-05 1.319078e-05 5.638156e-05 2.000000e-05
-1.928363e-05 7.018667e-06 5.638156e-05 2.000000e-05
-2.052121e-05 2.513123e-21 5.638156e-05 2.000000e-05
-1.928363e-05 -7.018667e-06 5.638156e-05 2.000000e-05
-1.572016e-05 -1.319078e-05 5.638156e-05 2.000000e-05
-1.026060e-05 -1.777189e-05 5.638156e-05 2.000000e-05
-3.563470e-06 -2.020945e-05 5.638156e-05 2.000000e-05
3.563470e-06 -2.020945e-05 5.638156e-05 2.000000e-05
1.026060e-05 -1.777189e-05 5.638156e-05 2.000000e-05
1.572016e-05 -1.319078e-05 5.638156e-05 2.000000e-05
1.928363e-05 -7.018667e-06 5.638156e-05 2.000000e-05
3.856726e-05 0.000000e+00 4.596267e-05 2.000000e-05
3.624137e-05 1.319078e-05 4.596267e-05 2.000000e-05
2.954423e-05 2.479055e-05 4.596267e-05 2.000000e-05
1.928363e-05 3.340022e-05 4.596267e-05 2.000000e-05
6.697134e-06 3.798133e-05 4.596267e-05 2.000000e-05
-6.697134e-06 3.798133e-05 4.596267e-05 2.000000e-05
-1.928363e-05 3.340022e-05 4.596267e-05 2.000000e-05
-2.954423e-05 2.479055e-05 4.596267e-05 2.000000e-05
-3.624137e-05 1.319078e-05 4.596267e-05 2.000000e-05
-3.856726e-05 4.723127e-21 4.596267e-05 2.000000e-05
-3.624137e-05 -1.319078e-05 4.596267e-05 2.000000e-05
-2.954423e-05 -2.479055e-05 4.596267e-05 2.000000e-05
-1.928363e-05 -3.340022e-05 4.596267e-05 2.000000e-05
-6.697134e-06 -3.798133e-05 4.596267e-05 2.000000e-05
6.697134e-06 -3.798133e-05 4.596267e-05 2.000000e-05
1.928363e-05 -3.340022e-05 4.596267e-05 2.000000e-05
2.954423e-05 -2.479055e-05 4.596267e-05 2.000000e-05
3.624137e-05 -1.319078e-05 4.596267e-05 2.000000e-05
5.196152e-05 0.000000e+00 3.000000e-05 2.000000e-05
4.882786e-05 1.777189e-05 3.000000e-05 2.000000e-05
3.980484e-05 3.340022e-05 3.000000e-05 2.000000e-05
2.598076e-05 4.500000e-05 3.000000e-05 2.000000e-05
9.023024e-06 5.117211e-05 3.000000e-05 2.000000e-05
-9.023024e-06 5.117211e-05 3.000000e-05 2.000000e-05
-2.598076e-05 4.500000e-05 3.000000e-05 2.000000e-05
-3.980484e-05 3.340022e-05 3.000000e-05 2.000000e-05
-4.882786e-05 1.777189e-05 3.000000e-05 2.000000e-05
-5.196152e-05 6.363451e-21 3.000000e-05 2.000000e-05
-4.882786e-05 -1.777189e-05 3.000000e-05 2.000000e-05
-3.980484e-05 -3.340022e-05 3.000000e-05 2.000000e-05
-2.598076e-05 -4.500000e-05 3.000000e-05 2.000000e-05
-9.023024e-06 -5.117211e-05 3.000000e-05 2.000000e-05
9.023024e-06 -5.117211e-05 3.000000e-05 2.000000e-05
2.598076e-05 -4.500000e-05 3.000000e-05 2.000000e-05
3.980484e-05 -3.340022e-05 3.000000e-05 2.000000e-05
4.882786e-05 -1.777189e-05 3.000000e-05 2.000000e-05
5.908847e-05 0.000000e+00 1.041889e-05 2.000000e-05
5.552499e-05 2.020945e-05 1.041889e-05 2.000000e-05
4.526439e-05 3.798133e-05 1.041889e-05 2.000000e-05
2.954423e-05 5.117211e-05 1.041889e-05 2.000000e-05
1.026060e-05 5.819078e-05 1.041889e-05 2.000000e-05
-1.026060e-05 5.819078e-05 1.041889e-05 2.000000e-05
-2.954423e-05 5.117211e-05 1.041889e-05 2.000000e-05
-4.526439e-05 3.798133e-05 1.041889e-05 2.000000e-05
-5.552499e-05 2.020945e-05 1.041889e-05 2.000000e-05
-5.908847e-05 7.236250e-21 1.041889e-05 2.000000e-05
-5.552499e-05 -2.020945e-05 1.041889e-05 2.000000e-05
-4.526439e-05 -3.798133e-05 1.041889e-05 2.000000e-05
-2.954423e-05 -5.117211e-05 1.041889e-05 2.000000e-05
-1.026060e-05 -5.819078e-05 1.041889e-05 2.000000e-05
1.026060e-05 -5.819078e-05 1.041889e-05 2.000000e-05
2.954423e-05 -5.117211e-05 1.041889e-05 2.000000e-05
4.526439e-05 -3.798133e-05 1.041889e-05 2.000000e-05
5.552499e-05 -2.020945e-05 1.041889e-05 2.000000e-05
5.908847e-05 0.000000e+00 -1.041889e-05 2.000000e-05
5.552499e-05 2.020945e-05 -1.041889e-05 2.000000e-05
4.526439e-05 3.798133e-05 -1.041889e-05 2.000000e-05
2.954423e-05 5.117211e-05 -1.041889e-05 2.000000e-05
1.026060e-05 5.819078e-05 -1.041889e-05 2.000000e-05
-1.026060e-05 5.819078e-05 -1.041889e-05 2.000000e-05
-2.954423e-05 5.117211e-05 -1.041889e-05 2.000000e-05
-4.526439e-05 3.798133e-05 -1.041889e-05 2.000000e-05
-5.552499e-05 2.020945e-05 -1.041889e-05 2.000000e-05
-5.908847e-05 7.236250e-21 -1.041889e-05 2.000000e-05
-5.552499e-05 -2.020945e-05 -1.041889e-05 2.000000e-05
-4.526439e-05 -3.798133e-05 -1.041889e-05 2.000000e-05
-2.954423e-05 -5.117211e-05 -1.041889e-05 2.000000e-05
-1.026060e-05 -5.819078e-05 -1.041889e-05 2.000000e-05
1.026060e-05 -5.819078e-05 -1.041889e-05 2.000000e-05
2.954423e-05 -5.117211e-05 -1.041889e-05 2.000000e-05
4.526439e-05 -3.798133e-05 -1.041889e-05 2.000000e-05
5.552499e-05 -2.020945e-05 -1.041889e-05 2.000000e-05
5.196152e-05 0.000000e+00 -3.000000e-05 2.000000e-05
4.882786e-05 1.777189e-05 -3.000000e-05 2.000000e-05
3.980484e-05 3.340022e-05 -3.000000e-05 2.000000e-05
2.598076e-05 4.500000e-05 -3.000000e-05 2.000000e-05
9.023024e-06 5.117211e-05 -3.000000e-05 2.000000e-05
-9.023024e-06 5.117211e-05 -3.000000e-05 2.000000e-05
-2.598076e-05 4.500000e-05 -3.000000e-05 2.000000e-05
-3.980484e-05 3.340022e-05 -3.000000e-05 2.000000e-05
-4.882786e-05 1.777189e-05 -3.000000e-05 2.000000e-05
-5.196152e-05 6.363451e-21 -3.000000e-05 2.000000e-05
-4.882786e-05 -1.777189e-05 -3.000000e-05 2.000000e-05
-3.980484e-05 -3.340022e-05 -3.000000e-05 2.000000e-05
-2.598076e-05 -4.500000e-05 -3.000000e-05 2.000000e-05
-9.023024e-06 -5.117211e-05 -3.000000e-05 2.000000e-05
9.023024e-06 -5.117211e-05 -3.000000e-05 2.000000e-05
2.598076e-05 -4.500000e-05 -3.000000e-05 2.000000e-05
3.980484e-05 -3.340022e-05 -3.000000e-05 2.000000e-05
4.882786e-05 -1.777189e-05 -3.000000e-05 2.000000e-05
3.856726e-05 0.000000e+00 -4.596267e-05 2.000000e-05
3.624137e-05 1.319078e-05 -4.596267e-05 2.000000e-05
2.954423e-05 2.479055e-05 -4.596267e-05 2.000000e-05
1.928363e-05 3.340022e-05 -4.596267e-05 2.000000e-05
6.697134e-06 3.798133e-05 -4.596267e-05 2.000000e-05
-6.697134e-06 3.798133e-05 -4.596267e-05 2.000000e-05
-1.928363e-05 3.340022e-05 -4.596267e-05 2.000000e-05
-2.954423e-05 2.479055e-05 -4.596267e-05 2.000000e-05
-3.624137e-05 1.319078e-05 -4.596267e-05 2.000000e-05
-3.856726e-05 4.723127e-21 -4.596267e-05 2.000000e-05
-3.624137e-05 -1.319078e-05 -4.596267e-05 2.000000e-05
-2.954423e-05 -2.479055e-05 -4.596267e-05 2.000000e-05
-1.928363e-05 -3.340022e-05 -4.596267e-05 2.000000e-05
-6.697134e-06 -3.798133e-05 -4.596267e-05 2.000000e-05
6.697134e-06 -3.798133e-05 -4.596267e-05 2.000000e-05
1.928363e-05 -3.340022e-05 -4.596267e-05 2.000000e-05
2.954423e-05 -2.479055e-05 -4.596267e-05 2.000000e-05
3.624137e-05 -1.319078e-05 -4.596267e-05 2.000000e-05
2.052121e-05 0.000000e+00 -5.638156e-05 2.000000e-05
1.928363e-05 7.018667e-06 -5.638156e-05 2.000000e-05
1.572016e-05 1.319078e-05 -5.638156e-05 2.000000e-05
1.026060e-05 1.777189e-05 -5.638156e-05 2.000000e-05
3.563470e-06 2.020945e-05 -5.638156e-05 2.000000e-05
-3.563470e-06 2.020945e-05 -5.638156e-05 2.000000e-05
-1.026060e-05 1.777189e-05 -5.638156e-05 2.000000e-05
-1.572016e-05 1.319078e-05 -5.638156e-05 2.000000e-05
-1.928363e-05 7.018667e-06 -5.638156e-05 2.000000e-05
-2.052121e-05 2.513123e-21 -5.638156e-05 2.000000e-05
-1.928363e-05 -7.018667e-06 -5.638156e-05 2.000000e-05
-1.572016e-05 -1.319078e-05 -5.638156e-05 2.000000e-05
-1.026060e-05 -1.777189e-05 -5.638156e-05 2.000000e-05
-3.563470e-06 -2.020945e-05 -5.638156e-05 2.000000e-05
3.563470e-06 -2.020945e-05 -5.638156e-05 2.000000e-05
1.026060e-05 -1.777189e-05 -5.638156e-05 2.000000e-05
1.572016e-05 -1.319078e-05 -5.638156e-05 2.000000e-05
1.928363e-05 -7.018667e-06 -5.638156e-05 2.000000e-05
0.000000e+00 0.000000e+00 -6.000000e-05 2.000000e-05
0.000000e+00 0.000000e+00 0.000000e+00 1.000000e-04
